1.67
1.81
1.55
1.36
1.74
1.46
2.92
2.75
0.73
1.45
5.76
3.86
2.65
2.45
1.53
1.19
3.11
1.75
1.71
3.79
2.42
1.26
2.5
3.28
2.11
2.33
2.92
2.6
5.95
2.19
1.57
1.8
2.48
1.34
0.95
2.24
1.45
2.95
0.63
0.73
1.44
2.29
2.89
1.19
2.86
1.83
2.47
1.93
6.24
1.42
1.94
2.67
29.24
0.88
2.73
2.33
2.77
2.23
1.73
2.37
2.08
3.47
2.1
1.5
2.17
1.9
2.44
2.45
3.07
1.62
1.15
2.18
2.82
2.08
2.
2.92
2.13
1.55
3.23
1.75
1.6
9.09
3.71
2.41
0.74
1.45
2.96
2.85
27.21
8.24
1.31
2.93
3.
2.21
2.32
10.51
1.92
1.75
2.26
2.13
2.11
2.43
1.96
1.05
1.85
1.3
2.85
2.19
3.2
3.47
0.52
3.95
1.11
1.45
3.46
2.56
3.03
2.32
3.21
2.56
1.66
1.84
1.
2.57
5.04
2.69
1.01
1.
1.5
1.49
5.04
2.22
1.49
2.62
1.7
1.37
2.09
3.56
1.57
2.37
3.08
2.96
2.97
3.58
1.15
0.78
2.03
4.18
3.05
3.13
2.37
2.83
0.81
2.84
1.9
0.72
2.35
3.68
1.23
2.87
1.81
1.3
2.37
2.44
2.66
1.75
2.95
1.15
2.03
5.4
1.27
1.89
2.3
2.41
20.52
1.67
1.54
2.
2.04
0.92
1.22
0.94
2.38
2.05
1.07
0.76
0.8
2.45
1.75
7.61
2.83
2.32
2.2
1.62
2.72
3.14
2.64
1.14
2.25
1.98
3.36
2.12
10.98
2.6
1.1
1.97
1.21
1.4
2.08
3.31
3.07
6.39
2.81
2.32
1.08
4.28
2.26
1.7
0.54
0.77
2.38
1.18
1.03
1.16
2.35
2.37
19.45
2.12
3.44
1.31
3.08
2.55
1.13
2.42
2.36
1.9
1.03
1.94
2.9
3.24
1.71
2.63
2.
3.09
2.46
1.86
2.52
4.35
3.4
0.97
1.43
1.88
2.12
2.19
2.5
2.1
4.2
2.98
2.68
2.75
2.24
1.95
4.43
2.05
2.24
1.35
2.64
2.41
1.81
1.1
2.52
1.59
2.68
7.45
22.56
1.16
1.55
3.64
1.47
2.54
2.31
2.1
2.34
1.5
21.74
1.73
2.2
13.84
1.84
1.95
2.41
2.42
1.91
2.03
1.15
1.54
1.31
1.45
0.74
3.12
2.
2.56
4.56
5.34
1.77
3.04
3.61
3.26
1.83
2.09
1.21
2.53
2.95
2.67
3.44
1.59
2.76
2.79
1.88
1.46
1.69
1.88
1.39
1.19
2.94
1.41
1.39
1.9
6.99
2.78
2.1
2.7
1.86
9.01
1.6
1.96
1.48
10.89
1.53
0.87
0.78
0.91
0.96
2.62
2.68
4.01
2.11
2.26
2.7
2.96
2.08
3.28
2.04
3.24
1.39
2.16
2.57
2.45
4.2
0.93
2.31
0.9
8.73
2.3
2.99
2.59
2.47
4.05
3.15
3.06
2.64
2.16
2.55
2.68
3.
2.33
1.75
1.72
1.35
1.78
1.26
2.37
2.54
1.67
2.39
2.39
2.25
1.51
1.98
8.46
1.97
4.91
5.94
3.24
1.71
2.54
2.16
2.15
1.71
3.2
1.36
1.28
1.49
1.11
2.07
2.59
2.36
3.43
4.12
2.27
1.47
1.35
2.6
2.73
1.9
2.26
0.72
1.11
1.96
7.73
11.26
2.37
1.69
3.19
6.45
2.88
3.29
2.99
1.09
3.76
3.59
2.4
2.22
1.58
2.94
4.49
2.97
1.3
1.3
1.61
2.78
1.12
1.33
0.98
2.47
4.16
1.95
1.05
3.79
3.33
1.95
1.37
2.79
1.36
1.09
16.51
3.04
1.5
3.39
1.84
0.87
2.08
1.64
3.28
4.04
3.05
1.32
2.36
2.51
4.03
0.78
1.62
2.62
2.34
1.02
1.8
4.33
2.67
1.78
1.52
1.66
1.4
1.51
3.42
2.74
3.18
1.95
3.35
1.25
9.06
3.61
1.51
2.27
1.74
2.23
2.54
1.24
1.1
1.74
1.11
11.97
3.21
1.68
2.69
1.44
1.42
0.95
1.08
1.41
2.68
1.6
1.77
1.05
8.98
4.78
2.45
2.31
2.56
2.94
3.33
1.82
2.13
2.5
1.71
1.33
3.02
1.44
5.12
21.92
1.81
1.32
4.71
2.1
1.14
1.39
1.87
0.93
2.66
1.12
2.9
3.19
3.19
2.48
2.85
0.78
1.07
2.52
1.19
1.17
1.74
3.29
3.09
1.53
1.86
3.85
0.68
2.09
2.95
2.21
2.2
2.14
2.61
2.35
2.32
2.02
1.9
3.02
2.57
1.47
3.18
3.
1.88
2.21
1.85
0.98
2.82
3.91
5.51
2.29
3.41
1.98
2.53
1.2
4.6
1.88
1.57
2.15
1.17
3.14
1.34
1.42
3.11
4.7
3.32
2.17
1.56
0.8
2.26
2.83
3.18
2.62
2.52
1.63
2.88
2.21
1.48
1.26
2.23
1.42
1.21
1.45
1.7
3.24
2.58
3.4
1.84
2.88
3.2
4.12
2.52
3.87
27.61
1.73
4.22
2.5
3.21
2.83
1.21
1.73
1.23
1.33
2.47
7.03
1.27
1.33
3.1
2.56
2.41
2.33
2.2
4.42
2.92
2.3
12.43
0.79
0.84
1.06
5.
6.5
2.19
3.35
2.88
11.32
1.97
2.75
2.88
1.18
1.35
1.08
5.31
2.28
2.27
10.99
13.6
1.51
2.35
2.53
1.98
2.25
1.84
0.91
2.06
2.43
1.25
0.8
1.35
2.28
1.93
1.4
3.85
1.41
1.97
5.5
2.7
1.64
2.69
2.49
2.67
0.97
4.53
1.83
1.32
1.56
1.
3.54
7.59
2.85
1.83
1.86
4.85
2.87
2.62
2.84
2.36
0.53
1.12
3.68
3.56
3.52
1.35
2.46
0.82
3.38
2.08
4.15
4.28
1.67
1.88
2.84
2.09
3.31
2.7
2.91
1.4
3.41
1.64
2.91
6.46
2.41
4.14
2.96
13.43
3.54
2.57
2.89
2.4
2.19
2.08
1.93
1.82
2.89
1.98
2.3
1.51
5.41
4.81
1.4
1.52
3.05
2.17
2.01
1.44
2.2
1.57
2.44
2.21
1.88
2.58
2.28
2.75
0.59
1.6
1.22
1.78
1.63
0.8
2.82
1.62
1.79
3.08
2.51
1.58
1.39
0.99
11.49
0.63
2.33
1.01
2.58
3.05
3.29
1.91
2.62
5.73
1.66
2.55
1.19
2.54
2.08
1.96
1.21
1.24
2.53
2.11
1.31
2.9
3.63
4.71
0.73
1.3
4.01
2.02
8.99
1.94
1.08
3.17
1.87
1.56
1.82
2.81
0.92
1.91
2.98
4.75
3.
3.01
2.71
2.76
2.63
1.15
11.58
2.37
3.17
2.57
2.3
2.71
2.61
2.12
1.13
1.88
1.02
1.85
1.85
2.98
1.8
1.94
2.64
2.87
1.31
1.9
2.76
3.69
1.03
2.19
3.22
2.64
1.4
1.18
1.63
1.26
1.41
2.1
1.75
1.56
1.12
0.92
2.04
1.32
1.51
1.14
2.69
2.67
1.94
1.13
9.83
5.1
6.57
2.03
1.49
1.59
1.88
2.04
2.79
1.4
1.19
2.96
5.5
5.22
4.
1.94
3.13
7.56
1.91
2.3
1.21
1.3
1.34
1.17
2.98
2.96
1.74
2.45
2.37
3.25
0.64
2.29
2.02
2.52
2.08
1.62
1.65
1.28
1.12
2.41
1.13
0.85
3.43
2.6
3.14
1.26
0.92
1.06
3.94
1.56
3.39
1.02
2.89
2.7
3.26
2.14
5.8
1.62
2.88
6.31
3.36
1.28
2.84
2.7
4.24
2.88
2.76
3.28
1.27
2.57
1.27
1.62
2.52
2.03
3.12
3.03
2.26
2.98
2.78
3.11
13.21
26.55
1.75
1.45
2.2
2.18
1.47
1.33
1.47
1.6
6.15
0.9
1.28
1.45
2.02
1.96
1.39
3.72
1.7
2.86
1.37
1.67
1.4
1.12
1.81
1.78
13.26
1.64
1.84
1.69
3.02
2.06
7.02
4.96
2.06
1.61
1.66
1.61
1.31
2.48
12.04
3.65
0.86
3.64
21.48
0.85
2.75
0.9
8.98
1.54
1.02
2.05
1.39
6.78
2.24
2.33
2.59
1.37
25.95
2.71
1.78
1.73
22.7
1.32
2.58
2.72
1.74
2.36
2.46
1.45
1.82
1.25
3.1
3.01
1.99
1.93
2.13
0.83
1.3
0.73
2.4
2.14
1.24
2.9
3.51
0.86
2.82
1.17
4.68
2.06
3.06
1.26
2.17
2.67
1.7
1.85
1.32
1.29
2.13
3.66
1.64
1.23
2.56
5.3
2.22
4.3
2.59
1.62
2.04
1.74
2.53
0.93
4.86
8.9
12.19
1.91
3.29
5.78
2.86
3.15
2.56
2.29
4.52
1.86
2.23
1.03
1.77
2.61
3.39
3.05
2.69
3.92
1.57
2.22
3.75
3.33
3.56
4.03
1.32
2.66
1.2
1.75
3.24
3.84
3.43
2.09
2.25
0.83
2.44
0.78
7.4
3.25
0.93
2.99
1.39
2.54
0.68
2.74
2.31
5.65
2.18
2.39
2.22
1.39
2.72
2.04
1.48
1.18
1.42
10.52
1.87
1.68
1.21
6.36
0.91
1.95
2.01
4.47
12.37
2.67
2.39
5.09
2.44
2.94
1.73
2.15
1.88
1.65
3.73
2.74
1.98
4.62
3.08
2.54
1.19
1.07
2.08
2.14
2.88
3.63
1.36
1.38
1.45
1.53
3.61
5.2
5.24
1.96
2.11
2.09
2.01
2.66
1.45
4.22
1.38
2.78
1.53
1.31
2.23
2.03
1.62
1.43
1.67
3.84
0.75
1.89
0.82
1.1
1.85
2.59
2.43
2.55
2.16
1.68
2.55
2.44
1.
2.54
1.64
5.53
2.45
8.1
2.23
1.38
2.44
3.95
1.6
1.97
2.99
2.92
3.26
2.07
3.93
1.79
2.18
2.94
1.59
1.28
2.41
2.54
2.48
4.56
8.43
3.54
2.45
0.99
1.09
1.7
1.7
3.21
2.41
2.97
4.22
2.26
1.77
2.21
2.03
1.75
1.38
3.88
3.2
0.94
2.79
1.4
2.95
2.12
1.96
2.45
2.07
2.17
1.89
2.25
1.96
1.31
2.22
3.26
1.44
1.27
3.56
3.08
1.17
5.5
1.88
1.78
1.39
2.01
2.43
2.42
1.04
2.48
1.25
1.6
1.56
1.55
2.33
2.94
2.92
8.49
1.88
3.79
0.96
0.83
2.19
2.75
8.03
3.19
1.91
3.09
2.61
3.21
1.69
1.95
2.15
2.9
2.59
2.7
1.14
22.29
2.93
1.45
1.01
2.2
3.52
6.77
2.68
2.2
2.42
1.54
2.24
1.64
2.2
2.1
5.
2.05
1.77
1.05
2.29
2.
2.32
1.8
1.44
1.6
1.76
1.61
2.
1.8
2.62
2.63
2.11
1.26
1.7
1.84
3.26
3.12
2.76
4.02
2.4
2.11
1.32
4.55
1.4
3.06
2.
1.54
1.78
1.99
1.56
1.84
29.33
2.67
5.86
1.31
1.1
2.64
1.26
2.78
10.31
1.25
2.08
3.78
3.83
1.92
11.21
3.69
1.22
1.27
5.94
7.79
2.78
2.95
2.96
28.47
9.52
1.5
1.14
2.84
1.42
8.19
2.72
2.43
2.4
7.98
0.97
2.41
2.53
1.9
1.39
1.45
1.72
3.06
2.17
1.85
0.75
0.73
0.73
1.42
3.7
2.73
4.14
3.27
1.76
1.09
2.66
22.42
1.6
1.59
2.11
3.04
3.88
2.06
2.34
2.38
3.64
3.89
23.26
2.13
1.48
1.72
1.25
2.55
1.49
0.81
2.16
1.9
1.78
3.37
1.5
0.68
4.
3.68
1.67
14.21
13.57
2.97
1.87
1.93
4.17
2.4
1.32
1.01
1.1
1.48
2.89
1.61
2.82
4.84
2.44
3.4
2.09
1.61
2.57
1.12
2.75
2.7
28.98
1.48
1.74
7.58
1.34
0.81
2.72
1.2
1.77
2.09
1.59
11.13
2.64
1.59
2.42
2.6
2.33
2.
1.18
4.32
2.64
1.34
2.54
3.41
2.88
1.54
1.91
2.4
0.79
1.67
1.28
8.48
2.22
2.39
2.52
1.06
1.66
2.01
3.13
1.3
1.55
2.26
1.
2.26
3.93
3.48
1.25
9.5
2.8
0.94
3.9
3.13
1.92
1.62
1.13
7.65
10.44
6.34
1.24
2.17
2.94
1.25
2.12
2.42
1.32
3.46
2.68
3.57
2.42
1.73
3.41
8.86
1.44
2.07
2.04
2.27
2.66
2.87
2.03
1.54
3.55
3.11
1.45
1.25
1.34
1.92
1.46
2.48
2.73
2.51
1.51
1.34
3.89
1.41
2.16
1.59
0.97
3.81
1.94
2.82
3.96
2.44
2.68
2.52
2.99
1.72
1.87
1.87
2.81
4.67
1.87
2.41
1.08
20.91
3.05
4.3
3.09
3.37
2.74
1.87
2.53
2.31
1.58
1.09
14.43
9.11
1.25
2.07
2.44
2.18
1.56
1.55
3.33
5.47
1.44
2.6
2.98
1.35
6.13
0.81
1.01
2.87
2.56
1.49
1.64
0.92
2.56
3.63
2.41
1.59
1.98
2.64
2.35
25.01
10.99
2.91
7.79
0.97
3.2
2.16
2.18
2.27
1.11
2.58
3.43
1.84
2.1
2.57
1.86
1.41
3.52
2.8
1.94
2.56
2.76
2.99
0.77
1.45
1.59
2.25
3.42
2.2
3.02
2.15
3.24
3.01
1.06
0.87
0.73
0.72
1.87
3.72
7.89
3.06
2.67
2.14
1.89
2.21
7.82
0.72
3.01
2.4
2.7
4.23
2.58
2.49
2.12
1.33
2.14
3.33
2.47
2.09
1.14
1.39
1.34
1.16
13.72
2.38
2.3
1.56
3.05
2.85
3.01
3.16
2.61
2.09
1.52
2.77
2.42
2.08
2.24
7.7
7.7
2.84
1.53
1.29
2.62
3.37
7.25
0.97
1.6
4.06
1.94
7.67
1.17
2.08
1.42
1.29
1.57
1.5
3.04
3.58
1.67
1.99
1.73
2.19
0.91
1.74
1.67
2.
2.31
3.2
3.33
2.13
4.75
2.33
1.59
1.09
2.1
2.28
1.24
1.12
1.58
4.07
3.73
2.73
1.43
1.19
1.26
4.76
3.92
3.55
2.82
0.62
7.14
3.63
3.39
3.01
2.24
3.17
1.51
10.6
7.39
1.24
2.16
2.64
1.62
2.
7.04
4.27
2.5
2.8
2.21
9.99
3.72
6.07
4.
6.17
2.66
29.77
1.33
5.14
2.45
2.98
1.33
1.93
0.85
2.81
1.73
1.03
1.83
3.09
1.57
1.04
3.29
2.8
1.81
3.03
1.72
2.28
2.89
1.06
1.66
2.94
2.95
5.82
2.05
2.41
1.07
2.18
3.51
1.9
3.1
1.19
10.36
1.33
2.46
3.
2.63
3.21
1.78
1.42
2.99
6.11
2.13
1.63
1.24
3.93
3.2
2.72
2.12
2.71
2.13
1.95
2.05
1.78
1.09
2.47
1.59
2.17
2.37
1.93
1.04
1.34
1.8
1.23
1.33
4.24
2.17
1.42
2.8
1.91
1.47
1.08
0.79
0.65
3.31
1.34
0.98
7.19
3.53
2.37
1.84
2.08
1.61
1.43
1.91
30.25
2.47
1.62
1.77
1.74
1.5
1.52
1.61
1.58
3.63
2.31
3.15
1.77
1.98
5.82
2.63
2.25
1.83
1.52
12.63
1.54
1.85
2.71
1.73
3.56
2.4
0.67
2.72
3.11
2.29
2.38
3.12
2.99
0.92
1.89
1.74
4.17
2.26
2.07
1.71
1.39
3.19
1.78
1.12
3.12
2.94
2.19
1.72
2.9
11.58
2.86
1.97
9.66
4.94
2.01
2.39
1.28
1.24
3.46
2.31
1.08
7.79
4.13
2.68
2.47
1.56
5.38
2.45
2.22
3.32
8.95
11.94
1.66
2.19
1.79
1.08
1.19
28.42
2.87
0.79
3.62
27.45
1.83
1.59
1.29
0.85
2.72
2.52
2.67
3.36
2.05
3.02
1.99
2.88
1.47
4.01
3.55
2.5
3.28
2.66
2.29
5.52
1.17
2.8
2.39
0.72
1.51
2.62
2.15
2.25
1.29
2.78
3.71
1.38
1.68
1.89
1.45
1.12
2.63
3.09
2.32
1.57
2.06
1.94
2.49
1.32
1.57
2.06
3.04
2.32
2.83