   4.1826105959163851     
   4.1737158615542160     
   1.8691979738068150     
   1.7754559699176555     
   1.0682775172673296     
   1.4647876411394214     
   1.5531942674743546     
   1.5203441299054921     
   1.1516385876943722     
   1.1904947804882486     
   1.1973654427351905     
   2.8888508667559250     
   3.3671631370520214     
   4.5931169460132617     
   2.1138762201094825     
   1.5314431408092424     
   2.7885607196754565     
   2.8085065128471292     
   1.6093682164703806     
   1.4956620278223871     
   2.1172366799066924     
   2.0915518568239104     
   1.3730623914804296     
   1.3442041588244085     
   2.3067450794337314     
   2.4004555787112589     
   3.1268688428770823     
   4.3088995369821532     
   4.3616652423519087     
   2.1474328104825782     
   5.1048036312636711     
   2.4383340956040587     
   1.5705599890325128     
   1.3281104650707942     
   6.0867523458257615     
   2.7745858024935566     
   1.6672506857966152     
   2.4749064253039617     
   1.0835184152318844     
   4.3433792027059814     
   1.6592312805015570     
   1.5910904956310590     
   2.3033838225732950     
   1.6256934008761637     
   3.1015173066922235     
   4.6962025034413539     
   1.0038417417203460     
   1.0434053564005270     
   2.1783946565013190     
   6.6051463457105282     
   1.4024801382644632     
   1.7752847864911960     
   1.5624533326871064     
   2.2818663421424006     
   3.9807579388768612     
   2.9029987955822865     
   1.1841073533629687     
   1.2372045459394241     
   5.3140695371519806     
   1.9772179976458604     
   1.8873714355551130     
   1.4612386065097651     
   1.5110790599583419     
   1.1530337037239700     
   3.1791556821929881     
   4.6789321694144874     
   1.9286314760561687     
   1.8463087247186123     
   1.7085771880575180     
   1.7465797581844009     
   1.8344150969848865     
   1.5316775644783360     
   1.5408492424352838     
   1.5582207682520544     
   2.6869312329179023     
   2.2362910317377769     
   1.5658816708265195     
   4.3003335332440793     
   1.2532078508453437     
   1.7097388760228081     
   1.7464204055507828     
   3.1467065281141178     
   2.0031061705892776     
   9.1981982426290614     
   1.6273354732180823     
   1.2822062491105957     
   2.1569201504339359     
   2.0002571012339394     
   6.1958787591939295     
   2.4634997481612757     
   5.8724076924073252     
   6.7588102748121912     
   3.2099340720290130     
   1.9627390739636945     
   3.4050675361687404     
   1.1180044189503118     
   4.5953753318802910     
   1.5539201913858556     
   1.9325055131420175     
   2.0588451541632860     
   2.3086195190102283     
   2.3693507508044198     
   2.2469082772370026     
   2.6103719788523891     
   2.5726514300117453     
   2.6056549059728522     
   2.2682682500572580     
   1.5310588188225380     
   5.9699526163892491     
   4.1662754262428585     
   3.3701825904129565     
   2.2706653375419852     
   5.1718827373237861     
   5.9321504244091861     
   2.1134149128311384     
   1.5680497825649831     
   1.3257073936015735     
   2.3708041697732840     
   1.9114184255266040     
   1.1851390374080943     
   3.4266345515804795     
   4.6077124737912376     
   1.8151743515635468     
   6.2991831812352785     
   1.8399029145881569     
   1.1578839609996900     
   1.4776011535643865     
   2.7585649243498231     
   2.8189392925244094     
   2.3231905645318123     
   2.7671499113771127     
   2.2421107339556983     
   5.8212440883401797     
   5.8628879816358319     
   1.9413337154975434     
   1.5514154565812504     
   2.3541141863803303     
   2.2980663288675380     
   1.7635921038492892     
   2.1141232173117972     
   2.1159397148748100     
   2.5154379308155947     
   7.3105782979308414     
   1.1579866503859824     
   2.7395867448232316     
   2.7569496758653744     
   3.8973066427322078     
   2.5584917364258697     
   2.1539476286426482     
   1.7486314890145913     
   4.2513195459247202     
   2.2873969895540234     
   1.5095386249001184     
   2.4333509389350545     
   2.8990375304633322     
   3.6415685862268941     
   1.3163067480840251     
   1.5920485613484392     
   1.1425490461166850     
   4.0150187942036721     
   2.2361375900615288     
   2.1091550374464090     
   4.1824719259726120     
   3.1716195965076435     
   7.0326773328136616     
   3.0913474441036390     
   2.0671201970446509     
   2.0157898145664581     
   1.3540985287047993     
   1.9723109364277158     
   1.8364405479437751     
   3.1883255922931473     
   3.2298678379870802     
   1.9514117240943407     
   4.2905052028160036     
   4.2273270672183898     
   1.8641296797510378     
   1.6302758486838365     
   2.3970726057180443     
   2.3631639578210004     
   1.3849073824066289     
   4.0688593663880965     
   2.2638325220125322     
   4.4246155284274087     
   1.5356623669643887     
   4.5058548065437947     
   2.3203107171821351     
   1.8009233966544780     
   1.8417182351729833     
   2.9323790693568994     
   1.7544140225132028     
   3.3023661795673021     
   3.3889716961542291     
   3.2644444541302460     
   2.9806602533379931     
   3.6339648098176403     
   1.5863066394890486     
   2.1478704886377971     
   2.1379810843168223     
   4.0718103337884255     
   2.6188729350677202     
   1.2431364281615029     
   1.2442195684439432     
   2.6650921887521681     
  0.65979816008404568     
   2.6942552194997336     
   7.0778936692522860     
   7.0888032001313821     
   2.7336902456517986     
   1.4265784243981170     
   2.0261824590944602     
   1.9507892388610071     
   3.9915595999686797     
   3.1223707962950065     
   2.8336044034528736     
   3.0194481171535799     
   2.6929669352258419     
   2.5149205227208480     
   1.8544293600706494     
   3.3828017529684771     
   1.6394650589869064     
   1.8237641816600649     
   2.1809932217084382     
   2.2026221789496550     
   1.7160621355653518     
   1.7127023210361645     
   2.0194317709800416     
   2.5522002600254035     
   1.5927588382385485     
   1.1766821083252073     
   4.0789973219449873     
  0.68643900022140381     
   1.2850561869201129     
   2.4659859251297740     
   2.1420414843418363     
   2.1671558113832488     
   1.5047444547833266     
   7.4644396661273476     
   1.9051050767179629     
   1.8893357593182973     
   1.9122419485273383     
   2.3259097036315999     
   1.9132785301524391     
   1.0551126861784523     
   3.0044255003289049     
   1.1177035895710021     
   1.1114037971168300     
   4.7786055715665476     
   4.6663778980030060     
   1.4871154877944224     
   3.2023517373295478     
   3.3765525856935059     
   2.2530611121658457     
   2.2854274415415583     
   4.1775932891711962     
   3.3491189047844481     
   3.2882724954579601     
   2.2766091114666187     
   2.2534054569529509     
   1.4274692956721509     
   1.8409454485784944     
   4.3130979578460664     
   4.3713701675290988     
   1.6357877214228573     
   2.4777662438053971     
   4.2240899740967164     
   3.9764151519688400     
   3.7194539052969642     
   1.6998102934532735     
  0.88522936055644930     
   2.1988235293732719     
   1.5715738515968580     
   3.5572659379070481     
   1.3765563970911154     
   2.3359614314530841     
   5.1973137590136496     
   2.0196345682271888     
   1.8226392055380631     
   2.0487980597054887     
   2.0195410779717506     
   1.6627708685318026     
   1.0503145418401769     
   3.2733201729365162     
   1.2879268668832640     
   1.1783525159450934     
   2.2924869867434627     
   3.3264631089870278     
   2.1236581976276327     
   2.9744031258553254     
   2.9869611670344720     
   1.8450075673148234     
   1.8113487429634312     
   2.6996744035304068     
   1.7716168024023307     
   2.8060613136739563     
   2.7081554407684894     
   2.7033545097723146     
   3.6299955719359316     
   3.7283163625181519     
   2.5096019149464657     
   2.4327259237769137     
   2.4771763679499723     
   2.9732483786607324     
   3.0024580390666822     
   2.5765379667357982     
   2.0701615893464025     
   2.8366741967397400     
   1.0108090001910626     
   2.6952024825857879     
   1.9735107316568448     
   1.4086424008031175     
   2.3673077188378753     
  0.92634870675194481     
   3.4895566058828287     
   4.5079213756714198     
   1.1548897679994075     
   2.4074627585434891     
   1.6194319434938871     
   2.0459335897098070     
   1.7957679246554947     
   1.7562424574187812     
   2.1446050592844452     
   4.0760524296501277     
   5.6410728082495316     
   5.6565628529731624     
   1.2926627771980139     
  0.94363644480287712     
   1.2813215040318791     
   1.4932472335774829     
   1.5177123996289035     
   1.2037831233512155     
   2.0182852997308962     
   2.0109574683218718     
   1.9855340964694101     
   2.1443230420456287     
   2.9122607771732603     
   7.0053277988932230     
   7.0393774354788592     
   1.0957637308992829     
   1.5248376583146672     
   1.9068657381989906     
   4.6203413298740958     
   4.6646674238296058     
   2.7801669185575402     
   2.3279272476470112     
   2.1560293811980817     
   2.6108093297226573     
   2.0117239131163229     
   1.8025276914271371     
  0.97827089039566673     
   1.0204062204288278     
   2.4995670303156339     
   2.6330891728735808     
   1.8749513283941990     
   1.9325114187942829     
   3.4310128673150362     
   2.8865654689496245     
   1.7766669263284609     
   2.6406454156386028     
   5.9561959497350889     
   1.2913653631529900     
   2.3393930388079149     
   1.3456398778214340     
   2.6209273473097414     
   1.9087471619829455     
   2.9403580380859551     
   2.9594570307501940     
   2.3396394296151692     
   2.5072439665271289     
   6.5747845069406505     
   3.1112569890569235     
  0.87650031798367556     
   1.0417649632539405     
  0.96893884249202111     
   2.5808992867138301     
   2.1242561229165093     
   4.0562023637403675     
   4.6582670279573497     
  0.96237199731598533     
   2.2775135980090062     
  0.96034125127515257     
   1.8257157428850004     
   3.2521279097010565     
   1.9315141599489469     
   1.9583520135491472     
   2.5306815994750895     
   2.5276103179631986     
   2.4648284449386448     
   3.4593522656223401     
   2.8829647795139106     
   1.8088515165359316     
   5.7706845681458656     
   1.2738146311247098     
   2.5402547316881439     
   1.8244784423257219     
   1.6839591995554488     
   2.1585985709789601     
   2.0490407924361946     
   1.9418131768168145     
   1.6109325362548061     
   2.0122798619640410     
   2.0187787612818320     
   1.4816129792640704     
   2.0590428001059702     
   5.2184962429749788     
   2.8773166959657086     
   2.4910501595637582     
   1.3994196701414823     
   3.0401074479015096     
   2.5475605783717850     
   2.5611854625630168     
   3.5197667761932809     
   2.0520947103812510     
   4.0783986442595950     
   3.6333033517821489     
   1.0643718894316567     
   1.6555493050513550     
   2.6348928264020777     
   2.1635740678683923     
   1.6936073742467999     
   2.2480636382663968     
   2.1757756846810001     
   5.2713248481148280     
   1.9514890663900597     
   1.2039039574309340     
   1.7002695877990517     
  0.96032536526800616     
   6.6341998528253789     
   3.9839142003762289     
   4.0283356605913037     
   3.2989570515088928     
   3.0477887300666557     
   2.7686057463814246     
   1.1003809258996040     
   3.2548248489945517     
   2.3747046255629130     
   2.3952301857167981     
   2.2575142375051294     
   1.8435696960127204     
   3.2064812904803688     
   2.9742812333429356     
   1.7125531616386449     
   1.7049214318148220     
   2.5674658555051679     
   2.5181273589602364     
  0.94150406987290391     
   1.9254939240239652     
   1.9463318599410504     
   1.9180524532187087     
   1.9570978052806223     
   2.4538087126468673     
   2.0095493493562455     
   1.3119952764071234     
   2.0219011339049402     
   1.6028498902829749     
   2.5918063992856926     
   1.7701728587394336     
   2.3078453145457236     
   2.2791385005881932     
   2.9070914553231826     
   1.7360680158335593     
   2.4839044716626186     
   3.1862868011972907     
   2.8539719136855548     
   2.3678593412879692     
   1.7454103260181848     
   2.4398420592250853     
   1.5311300268711343     
   2.0316544284124691     
   2.7179866984994154     
   2.5174338951612878     
   2.5745311068775720     
   1.9069954649571716     
   7.3442287088587195     
   7.4311686741921417     
   1.0855029618783958     
   1.9269440928754757     
   2.0332591186688274     
   2.9216469057637431     
   2.0508666645963265     
   2.3090233459511982     
   2.3480417221510930     
   4.0144312380536347     
   4.0074550138569878     
   2.1737182672263615     
   2.2209450453613666     
   3.2272278127983989     
  0.92726754316577986     
   4.3660988806672201     
   1.7990537126247070     
   1.4247503866206608     
   3.0882849199860911     
   5.0673697915991092     
   1.0757065880776036     
   1.4745318113033763     
   3.2207336248294780     
   3.6617684590686164     
   1.9855163081726910     
  0.74363766208385895     
   1.1750478330597642     
   1.0958518609388122     
   3.7802775419620955     
   1.3163071972293252     
   2.3388927913483153     
   2.2963741450985671     
   1.1046961501848180     
   1.4397723407024883     
   1.4353854874669576     
   6.2506694732292116     
   2.9067585961047597     
   2.8250764887708755     
   1.1016837057423428     
   2.3492611961467000     
   2.3838575460329055     
   1.6929005478542472     
   1.2596136675911911     
   1.4778047490376740     
   1.0219749418017978     
   1.0814388558115491     
   1.7133452848477115     
   1.5588928661335848     
   1.8329398405864925     
   1.7327618080529472     
   2.2204336135684151     
   1.7492854570168817     
   1.7095216205004442     
   5.8098165737079768     
   6.6748669821027002     
   1.6525279411699070     
   1.4521672689019678     
   4.8358874255296174     
   2.3986373104406753     
  0.67225403235003545     
   1.4288518115130950     
   1.9952944633899747     
   2.0694074795889912     
   2.2095874029835887     
   1.3595984894223698     
   2.1415331933399404     
   3.4239857949130434     
   3.0852757446963230     
   3.1307725298759119     
   3.1739587299124365     
   1.8830322753788740     
   1.5869337149022751     
   3.7830427314211290     
  0.74048689755724928     
   1.2539080870283401     
   5.2065866471299227     
   2.4807173374691338     
  0.64917442096064526     
  0.65703075738151495     
  0.86857592266363037     
   1.4003044162647851     
   1.2963287385433795     
   2.0726897165826994     
   3.4429947131641030     
   1.4488711694732896     
   4.6877163861479128     
   4.7594741551803006     
   1.1703192281574686     
   2.3210005379863152     
   1.0266115519128816     
   4.0559191655684401     
   4.1047753140155550     
   2.6073469659025088     
   1.2183456942779762     
   2.1430808450271086     
   2.8780517686856197     
   2.2828730424623211     
   6.1298468825368158     
   6.0592165126587405     
   3.7952383684585977     
   2.6446177096503289     
   1.2126610947849803     
   1.2272077337207596     
   2.4020218554280484     
   1.2747148670356525     
   1.2403326711875085     
   2.4472756119261527     
   2.3648091381263296     
   2.3432452269285191     
   2.3206049858346982     
   1.1692463624212073     
   2.0002306002521384     
   5.8340839052004778     
   1.9945583954065689     
   1.5856212393340605     
   3.0394370867035145     
   3.8353880004956937     
   5.9460767561836692     
  0.94112968216071713     
   1.3021093810731672     
   1.2790712813190717     
   2.3138720083409368     
   5.3869234826386210     
   2.1787294884931621     
   2.3352974765686616     
   2.8208424026699399     
   2.7397348090158204     
   2.3110927440737332     
   2.2902933577002793     
   2.1107300780109934     
   6.5216122110897601     
   2.6111757469664525     
   2.5352189861512007     
   2.5783832429251077     
   2.8529358983585857     
   3.2570746020377253     
   2.1446754081899480     
   1.8996393667340652     
   2.1792091010918941     
   1.4550135614428750     
   4.3521175227428834     
   2.7428076142889029     
   2.3749204915591524     
   4.5974151096261542     
   4.5965052922169161     
   4.5975476036320391     
   2.6899961003380022     
   2.4069068001387337     
   3.1472176645283598     
   1.8458066018919730     
   2.4090037492398575     
   4.2749712370896482     
   2.6743669748155230     
   2.6901313781985605     
   2.6966288743487516     
   2.0669612255764971     
  0.75147291024087837     
   2.3259117475001561     
   16.984004378649153     
   2.2786841194161060     
   5.4853239758173640     
   3.3081947545774808     
   1.3601388021584491     
   3.0699726001854679     
   2.1377373791638146     
   1.5900383214864398     
   1.6121103265619998     
   2.3801269998270067     
   2.2073001658477485     
   1.3114954685040687     
   1.9646931967824890     
   1.0488584306965032     
   1.0726996098038204     
   2.8812141125136548     
   1.5688968544987363     
  0.87607077088077601     
   4.5458925700124251     
   1.8019744162947413     
   2.5265097468106967     
   2.6012518662948860     
   1.5692968752273608     
   1.5619137056613286     
   2.4718177948389499     
   2.4978945733230322     
   2.5413961824364333     
   2.3957707941638446     
   2.5831566719775072     
   1.4494812748517196     
   1.6693272550823952     
   1.5580663293136408     
  0.99541261589517560     
   2.9921413747328516     
   1.2409046109488782     
   2.1221651631033942     
   2.1084732863310909     
   3.6311314191880495     
   2.5329289597687077     
   4.2532015232514615     
   1.8985424004444158     
   1.3051355099969444     
   3.8063931921177749     
   2.8818680608096550     
   2.3786787855353002     
   1.5794337340724223     
   2.1916752738328888     
   1.0024492522032631     
   1.0449565359124058     
   2.4170562514811258     
   2.1188815205037055     
   2.6203476625600466     
   1.6264269925345762     
   2.8846172956903846     
   2.3243343006710173     
   2.1614879625374255     
   1.5614907352147200     
   4.7288513802129222     
   2.9372680496695249     
   2.8793451971905779     
   3.2767970403681370     
   1.6650329331676810     
   3.5480588626981278     
   2.5670454595198882     
   2.7704240820327986     
   4.1536919470974221     
   3.0366468301397176     
   3.5511311299701260     
   3.0274450819608809     
  0.90991697170858821     
   2.1276501552017741     
   5.8340972753793050     
   5.7069096451691346     
   3.1367987622726754     
   2.7024339408939810     
   3.1143059762759107     
   7.6156123014669266     
   7.5298726122483597     
   3.5539683342845736     
   3.5692316576262844     
   1.6260370871652741     
   2.5423420219746267     
   2.4368876537271946     
   2.4195238045361904     
   2.3932892472751779     
   3.5641239139560374     
   3.5803910166321535     
   2.0719111593512078     
   2.3654668594714403     
   2.3226474446922958     
   4.9182790721200238     
   4.8793240835979175     
   2.6586894114379502     
   1.3115277293462380     
   5.6098620348590380     
   5.5718593849758653     
   1.8003140091147884     
   2.0260747141426858     
   3.6133062456142508     
   2.8248998903096147     
   1.8303168257655682     
   5.8407661808825866     
   1.5230608538871426     
   1.4999211998673574     
   1.4688765367057683     
  0.92352650788430657     
   1.1791610358654057     
   2.9095762000857133     
   1.8248229227660937     
   2.7106646255262907     
   2.4238338272204429     
   2.5287353693690839     
   2.0535910005737010     
   3.4021122098945717     
   1.2023034689041987     
   1.2555374505552173     
   3.3722465488717051     
   1.9480007516573743     
   2.1748450660606138     
   2.9047523237168384     
   2.9239657674770294     
   2.5223326368765129     
   4.4377963444052444     
   1.7190359740922918     
   1.5639579148549061     
   1.8191398256103162     
   1.7428939511273309     
   1.8049283447772730     
   2.4008536120835196     
   2.5221926375501669     
   1.3304243783163265     
   1.5498904442791701     
   3.3902726176563069     
   2.0394703782463646     
   1.6353925457168164     
   5.6941755725970884     
   2.0418051101058525     
   7.9881951486422027     
   7.8944822272579014     
   2.1813084525346440     
   2.0546018838811126     
   1.2615437430924250     
   3.8431878307126106     
   3.7404127403496683     
   1.6481069371210788     
   3.1694325236109457     
   2.1782973613307743     
   2.6354344493534945     
   2.6857528517221754     
   3.6968212915049761     
   3.5518782870970638     
   1.5203609257473671     
   1.3135630093304447     
   1.3149466320654755     
   4.7802333321684083     
   3.2522477360601370     
   3.3054316043683318     
   1.7954410636713745     
   2.0243370706247865     
   1.2990380295778003     
   1.2690208124582139     
   2.2202249203224653     
   2.0744413567939715     
   1.3632555770204855     
   2.5021392478268796     
   5.8054432153168047     
   1.4331570018640118     
   4.2145700550461687     
   4.2489767572587258     
   1.6696449392906572     
   2.0864310291378994     
   1.4710051558884936     
   2.8417762734315999     
   1.5152104425732897     
   2.9379876861172027     
   1.9261459693230132     
   2.6312203745984286     
   1.5349193993509449     
   2.1544323570557200     
   4.2155197189112297     
   4.2207602049568402     
   3.0749454974005239     
   1.6736147021119485     
   1.4303104968046554     
   3.6741549878039099     
   1.4035340848828579     
   2.2320777987278260     
   2.1868508793898616     
   2.2734732520330585     
   2.1477618919173187     
   1.7677196702906155     
   1.7422744321311887     
   4.9304188278973102     
   1.4252210582240068     
  0.94893053338369715     
  0.92065509566323667     
   1.8048095995574684     
   2.5674266573719784     
   1.9322143813995905     
   5.3549238711190199     
   5.1075396810517057     
   6.1945251217963593     
   2.6493220051965491     
   2.5357755930876515     
   2.5604630872165703     
   1.5524109720490542     
   1.8222230930584418     
   1.9166636877687171     
   2.2136331749597913     
   2.6329549719012442     
  0.87355277083133986     
   1.8659203952446801     
   4.5269433817416127     
   2.1918378734199133     
   1.3940068315941196     
   1.9422844408221791     
   1.4868360522420498     
   2.4019268218995551     
   1.4742715181777726     
  0.76868009288442674     
   2.0315072013580551     
   2.9320337120774531     
   3.9414805029649651     
   2.3578767324389198     
   1.9176659328106540     
   1.6728744196001268     
   2.4867731543307730     
   2.4778320822639288     
   1.9640958641124591     
   1.3804917047400327     
   1.3941459547299535     
   2.0138911313065146     
   1.9529907279482279     
   2.4531328234270173     
   2.1073030723152981     
   3.3597469830873949     
   4.9329245409871199     
   4.9739646015774186     
   2.9906118578339513     
   1.9345786442417177     
  0.96284419967539814     
   2.4376270498697412     
   1.3161767551393946     
   4.4528400170838145     
   2.3223439399427108     
   1.5863847067335737     
   1.6018278273366064     
   1.9611118645430301     
   2.2207128550865942     
   3.4479722388813752     
   1.8934051495307815     
   1.8431823144568786     
   1.8892500879505290     
   4.1759632012759669     
  0.96712747278046829     
   1.7431754467891252     
   1.7168355048844437     
   1.2851689633822958     
   2.5404670266004463     
   2.0244670185978411     
   2.4255327871685881     
   2.4073829306069761     
   1.3327377308601016     
   3.7851663305729786     
   1.8136264532328301     
   2.5516001711405716     
   1.6094946381335313     
   2.1047915819472993     
   1.0994801134688241     
   1.2950120072840170     
   2.6700526343420665     
   3.7731937651916319     
   2.5831249402436289     
   1.8241877362769123     
   3.5639447905045141     
   4.3107637381296184     
   2.0548129985272752     
  0.85919990452463280     
   1.7637901181890863     
   1.7904910770437670     
   1.6922422999202982     
   1.8403823621132853     
   1.8914484707887842     
   3.2562643425683020     
   2.2179328292591709     
   2.6580836718226482     
   11.357814570466431     
   3.0071420314008486     
   2.2558729074312254     
   3.2377195807811319     
   3.2522313408023127     
   2.7398244582348243     
   1.4819205803187747     
   1.0942636041933007     
   2.2149743099851311     
   2.0725875570720929     
   1.0363569058476416     
   3.3871592239220361     
   3.6487397149888707     
   3.5838919192959175     
   1.4104316510505821     
   2.1885928585292680     
   2.4519543947640314     
   1.2554262312567668     
   2.4845220854980017     
   1.7739238529053218     
   2.7971590482963498     
   4.3013914801141961     
   2.2665057669109863     
   4.4732350111721679     
   2.3568446375843792     
   3.0800142949833860     
   1.4807216918717223     
   1.4944397650932670     
   2.3291414580354464     
   2.1075777479622628     
   1.3082523356794162     
   1.3205496641702559     
   1.2689800491249017     
   3.8058872813747127     
   3.7297996703045704     
   1.7629885688000984     
   3.1187396435112476     
   2.3608972561597383     
   2.2731227239753715     
   2.3904268896176242     
   2.3082804697416015     
   2.3393368387862137     
   2.0433610910800781     
   2.0204809679482456     
   4.1775529010174326     
   4.1705392596026041     
   4.2439810515229270     
   2.9883299660910394     
   2.5517275306681055     
   3.1716973172862351     
   1.9147372232326945     
   1.0021285000538358     
   1.1504582153483831     
   2.3252332606342243     
   1.2326879706590257     
   3.4746294609155366     
   3.5601865523610954     
   5.7114393962450176     
   6.4961776030139724     
   2.5449915047839262     
   1.5191110583962713     
   2.7895715970323867     
   4.7965803795348343     
   3.8677301187132516     
   3.9463403371451449     
   2.4681520740763894     
   2.3658027790163456     
   2.4946694421732918     
   2.8842311878878624     
   1.7081942669087458     
   8.3758490518182764     
   1.8103986327600776     
   1.7849892933257117     
   2.3498772464882460     
   2.3902206382369990     
   2.8572117559982990     
   3.6151079663025292     
   2.5291274050397266     
   1.2765286111520713     
   1.6446489331706851     
   1.7200501366861347     
   3.1093786102494225     
   2.8680748195901642     
   3.8073901621419899     
   4.2851848231921563     
   2.9129804821017382     
   5.1559112286928261     
   5.0220346133586000     
   3.3115566713857221     
   4.3835826167019762     
   1.8217564183652706     
   3.3908456804060467     
   5.7224580753884799     
   5.7180641129220486     
   1.8033439744895214     
   1.8783141830977086     
   3.1223490272715804     
   3.1321978192108006     
   2.6364888710831611     
   2.4223170426285923     
   2.9279490384364735     
   2.1179961958901461     
   1.8385412614227188     
   5.5610980849252396     
   5.5519190110723873     
   2.6778066246744929     
   3.0303875104123348     
   3.6716513990906772     
   1.1428813789386607     
   2.2696782164323390     
   1.8928789149907055     
   2.8037176982238616     
   5.8493281947160005     
   2.4844508728166130     
   2.3614854013299875     
   2.6876706370754326     
   2.0670163834672430     
   2.6935452707802741     
   2.6668544886659320     
   3.0007891612283064     
   4.8803424884969600     
   2.7539051845494460     
   2.2899169887557358     
   3.8955465207032063     
   2.6567152146143127     
   4.3865512152776125     
  0.92285815683294603     
   1.5224988187835995     
   1.0924610689884284     
   3.0063473741545792     
   3.0493066065600707     
   2.1405285133900764     
   2.2228491356468396     
   1.3158590004669271     
   2.8285706113362705     
   1.3214691486025980     
   1.3651998170096793     
   2.0206698299214545     
   1.9018952593650083     
   1.0953073581498867     
   4.5837492381724791     
  0.80407689222682310     
   1.7602470961434937     
   2.5643460108286029     
   2.4820576624330819     
   1.2848369294892996     
   1.7977778472337933     
   1.1008956652158279     
   1.8341483885591283     
   1.6316754228742627     
   2.9158928612948691     
   1.3028418151275207     
   2.8190624084615634     
   2.6948069122658675     
   2.6051379596264748     
   2.6657030575143756     
   1.4982494758946019     
   2.1939486154349903     
   2.2129305705178330     
   1.3624071335973793     
   2.5681380745048679     
   2.6447528054736913     
   6.9577160821553035     
   2.2484585640980934     
   2.2260736730571375     
   2.9389185752975910     
   1.5110158681176558     
   1.8542976193483165     
   2.2564924875380594     
   2.1080510286531617     
   2.5817789529912529     
   2.5745681419718531     
   1.4044540996232040     
   1.9793574529713391     
   1.9303042461895576     
   1.4964538309869717     
  0.85811486277914584     
   1.2541847321185531     
  0.99950360161550023     
   4.0675381563410475     
   2.7071389472595708     
   1.9553037309511723     
   1.7556085619553297     
   1.7071115631647558     
   4.4443136176417974     
   1.3538661603785396     
   2.0403436328583386     
   2.1483432899906525     
   2.1616142184524390     
   2.7635952448457552     
   2.6968470948266314     
   2.6842116642134055     
   1.2863808519765534     
   2.7922096792090145     
   3.1293298451501701     
   1.5375991812726331     
   1.6356629294414258     
   1.6356483319025792     
   4.3065572730123574     
   1.4593430711628532     
   5.9329646410856052     
   2.3440231172639829     
   5.6094513024864554     
   1.8944777196546665     
   3.3735101548596775     
   2.0122792529745674     
   3.4889294893325955     
   2.5925807010103199     
   3.2832911793944173     
   5.1781681606702650     
   1.7891158533596150     
   3.5760774246343914     
   2.0548024261184650     
   1.8473035716263315     
   1.3338447883812499     
   3.8044580905548822     
   1.4837418452912789     
   2.6843476177200496     
   2.0203687209563497     
   1.4139780365008128     
   3.2608115949303693     
   1.6502969837681436     
   1.3127571666809565     
   5.3389897979435013     
   3.8105910699285244     
   1.5069589647751489     
   2.0321869677045941     
   2.0482776800037739     
   1.8889098525086436     
   1.8874225286669013     
   1.8451305949918373     
   2.7808532486182811     
   2.8466956081089720     
   2.7547210299476572     
   4.3911958939650448     
   2.7513762994087871     
   2.7103155484937886     
   1.3545571624781250     
   1.5062077589934921     
   2.8107788953079029     
   2.8359353651856805     
   2.7390069333679152     
   3.9629980209753102     
   1.4637432171580773     
   2.0616732188837257     
   1.8745013339619465     
   1.5194062539672599     
   1.3736514727832156     
  0.96107077898744764     
   1.6690511883806720     
   2.8767736442846732     
   1.5986754862439334     
   5.9918299555500001     
   5.9530260519431639     
   2.3520399976051833     
   1.5503912016432344     
  0.86300198067898881     
   2.9227056568068033     
   2.9167375696685216     
   2.1444252485966939     
   2.1557744545943827     
   2.6361924509444004     
   2.0065123478382625     
   2.0998741794333537     
   4.0845051392563079     
   4.1417889777487051     
   4.0531409987888933     
   2.7150473871886645     
   2.7971320182611041     
   2.7900575352976626     
   2.3838385427370095     
   2.7610293462880415     
   1.1268277961730224     
   1.1626137538903250     
   2.4352587903789558     
   1.2462306972445121     
   1.3461896869307612     
   6.4802841780038127     
   1.7681334578647105     
   1.4589629156141539     
   1.4117940234363133     
   1.4160190738399536     
   1.2061085468881099     
   2.3870335950926163     
   2.3918996422561962     
   1.5884817014004531     
   1.6939455653382727     
   2.4598660658858944     
   2.0828995510550827     
   2.7652966239428101     
   7.4210112275703999     
   2.8932218128933043     
   3.6542962899780820     
   2.2993407847462342     
   3.2293629392842034     
   1.6002593410310220     
  0.74029361982921005     
   1.2736164758137607     
   1.7575080038986757     
   4.1443887637040424     
   2.4633985174737623     
   2.4576009223563644     
   1.7726607455280345     
   2.4079596453235963     
   5.8296738801145285     
   1.1752805589533659     
   1.2158138932129006     
   1.5140959334114346     
   2.2067432828548981     
   1.0586450000493302     
   4.5791133667977100     
   1.6595212721669643     
   1.7500075354817008     
   1.7699655439127029     
   6.3362108713322964     
   6.3283225216623897     
   6.3464241618488986     
   1.9968464991893051     
   2.0405533064810109     
   3.0937601697532968     
   3.1360651810021722     
   5.9437099050262168     
  0.92655758543965061     
   2.8262273513139142     
  0.97830215474338100     
   1.5375636028823247     
   2.6084324769842162     
   1.1956015834702893     
   3.6121088671201522     
   1.3716525218058777     
   3.0066785449658577     
   2.4169505990207187     
   2.5574490593399473     
   1.9323614194541030     
   2.2374897189821201     
   3.4737687288675398     
   3.5455055253100265     
   2.7901839919887492     
   2.7599346451949169     
   1.8629880496624629     
   3.7955019813340525     
   6.3132414348107702     
   3.6415110989450485     
   1.8045728409383028     
   4.3216917922018681     
   2.0578053731708885     
   2.3379348387082302     
   2.9401581476031837     
   2.8867640670479306     
   3.5083811085553287     
   3.5204778987246508     
   2.9649279871830663     
   2.0975200671859211     
   2.4078012732083458     
  0.94754477973400120     
   3.1466876021664687     
   3.2008259592175770     
   3.2799974227687794     
   1.3238333034097456     
   2.6273758954025728     
   1.6669549116717215     
   1.6665652739686163     
   1.6620661024220158     
   1.1956602578674502     
   3.0425838387202040     
   5.0649886410879486     
   7.3727430707737334     
   4.4214160558390869     
   4.3958179916960356     
   2.7265311837329098     
   6.0854711177358505     
   3.3792267208246183     
   3.0466562620726529     
   5.5244572930177593     
   5.5418525622438857     
   5.5630783646594466     
   5.5507126646863485     
   6.5514048937287690     
   3.5713240668211870     
   2.7594371615818538     
   2.7068920538783812     
   2.7398938953116723     
   1.5482595337588769     
   4.7988664834508210     
   4.8207030651734248     
   1.2512357768731757     
   1.4742787742310668     
   2.6074025743911053     
   2.0625648713805558     
   5.7662127032022745     
   2.5620716863699564     
   2.1324556699723636     
   2.0432982429128059     
   3.8900558225011714     
   2.4604543780450165     
   1.6363511094584136     
   4.7776366895692099     
   1.4427491614935424     
   1.2599619886156306     
   1.5419610727765212     
   1.5465951223428489     
   6.0375450297358615     
   5.7795017232005854     
   1.1588658672436198     
   1.0886781478071350     
   6.2945725009261553     
   1.7045647409101150     
   2.6231116822528802     
   1.6051400391903350     
   1.9871323993300845     
   2.1670602603741380     
   1.3064960586342547     
   1.1026073438236694     
   1.0410543490400950     
   1.9630528058067842     
   3.2582267788825456     
   3.5647685204526716     
   1.3027795425213027     
   2.3697220724131780     
   3.4539179626812540     
   1.0634448792986610     
   2.3042791241529192     
   2.6711591153395924     
   6.3337773872723577     
   6.2413001240150372     
   6.3074282796625019     
   1.5058492095425124     
   1.8701006346754054     
   3.4439097244089574     
   4.3900136931607969     
   2.4454971224351154     
   3.2012736414644727     
   3.9322611775861005     
   3.0817393793532450     
   8.0232083306495348     
   1.1580877191773418     
   2.4580835553443876     
   3.3776701756368648     
   4.7322081917505967     
   3.8923264717361183     
   2.3702778984545176     
   2.5305030531990940     
   1.6361803552037790     
   4.4827836519251205     
   2.4121515286667563     
   3.0519479103166032     
   2.2691654410563991     
   1.5453829034485040     
   1.6377563820256957     
   1.0426357476691850     
   3.4845055712114230     
   4.3038929405977377     
   1.3566406281300190     
   1.3294636166926994     
   2.2235159812064706     
   2.9580409167339008     
   2.6859154025525394     
   1.6571650393614437     
   1.6326494424520208     
   1.8535786667002649     
   2.7129406788393595     
   2.4109269283748493     
   2.8131583536501101     
   1.4796048449820656     
   1.4864794490743412     
   2.1779143873510809     
   2.3589064275478671     
   3.6237580780487613     
   3.5857758384326610     
   2.3628714729331621     
   2.5571799784162668     
   2.4754266527440061     
  0.84626505349494885     
   1.3268751670346919     
   2.4514335406583694     
   2.0522131596760436     
   5.3156276156800795     
   2.0110199455420674     
   2.0216508936924118     
   2.1038020106272963     
   1.1611512433237634     
   2.2427577075991914     
   2.2929403539199762     
   2.4994612514808656     
   2.0590868030505183     
   2.0588928161414040     
   2.9425355512938607     
   3.8868287939675699     
   1.8276280234981239     
   1.8464077215514729     
   1.3269830841261698     
   1.7306163070536729     
   1.9381173019407953     
   2.9196256632963800     
   2.8325543584966115     
   1.4651399180914377     
   1.5799308427011383     
   1.3832584681119355     
  0.73200723505450660     
   1.9109333644510884     
   1.0567411630775281     
   1.0107409682782833     
   1.1572346698353628     
   1.2407666154899906     
  0.93123218479079317     
   2.0505628873986219     
   1.5419760878662778     
   1.4051285625817915     
   3.2881866822418404     
   3.2122148303487843     
   2.3943895149151455     
   3.6979886254083851     
   3.6302648822677885     
   4.2782240370419125     
   2.5831584961216492     
   2.6308757915569818     
   1.5506334833836894     
   1.4135459540700175     
   1.4689605160917802     
   3.9065892316076347     
   3.8876724160479252     
   3.1783734451553909     
   3.2546019648520703     
   1.5462284939019193     
   4.3202311687096886     
   1.4553616478095450     
   2.3361882550094424     
   1.7931964324743406     
   6.1953682160112216     
   1.3738323399646180     
   1.4307772776058731     
   1.4061156375122688     
   1.5280764952644867     
   2.6063087660406934     
   2.5599275764167357     
   2.5744426712922626     
   2.2778245653005045     
   1.5820189633939481     
   1.5323197644997262     
   1.7832147453372398     
   2.0621869962456927     
   2.0660004153896803     
   3.1745128043672186     
   1.8876169037311661     
  0.79977602891451338     
   2.5853591008837702     
   3.6458734385181937     
   3.8642485218701466     
   3.8914835301150403     
   2.5885551224469312     
   2.6157389214286466     
   2.2689977200670954     
   1.2585411579557717     
   2.2956408368490151     
   2.3010660483688099     
   2.8261324693576833     
   1.6217931648401762     
   1.0920359158723665     
   4.2945568274831603     
   1.8457341448665430     
   2.0332407037262930     
   2.0183598449439097     
   1.5009483347965440     
   2.8762321591917903     
   1.2401251774671038     
   1.2649366506989110     
   1.2172733037188241     
   2.4471050346840353     
   2.9097815789060095     
  0.85594761108057427     
   1.8178466171051815     
   2.2463387261997880     
   1.0903636407181281     
   1.2793276635620736     
   3.2301451113574959     
   3.4013533192949166     
   3.3755423983189621     
   2.3885672147498762     
   1.8069297105721904     
   2.3683796610353309     
   6.0459062803938979     
   6.0522545526513749     
   3.2143179853240262     
   1.9556016635581430     
   2.0116318552797838     
   1.9742230722459828     
   1.3412324478157669     
   3.1407357857450995     
   4.0911375619284307     
   3.4184609809151416     
   1.7620292413087024     
   5.5507571738768933     
   1.9646920007835889     
   3.4348859584349865     
   1.3734624117713807     
   2.4886109545847210     
   3.0714792163285769     
   3.0898200622435628     
   3.0793438407887535     
   1.7009403179357894     
   3.8205517957133726     
   2.5937113789535160     
   1.1919062397205782     
   1.5279526670702817     
   1.8272945334522539     
   1.4155497745200973     
   4.6365197554466624     
   1.0312128511756371     
   3.4500546581494582     
   3.0683230790596485     
   1.3744145281901499     
   8.5261034011210199     
   2.9659350778195379     
   4.6813587202814482     
   2.4930869472517072     
   1.9272578347748881     
   5.1406906520714770     
   1.4867742346407202     
   3.1061835609859831     
   1.1641971981138965     
   1.9480065120376195     
   3.2422580802229550     
   4.4434356901987009     
   1.3804216960666040     
   1.4389160574471063     
   1.2747135475694831     
   2.4546111737410343     
   1.7647958872076059     
   2.9683414961834114     
   4.0647080348019413     
   2.9835628307099866     
   1.7568281222248450     
   1.9346207063973753     
   2.6239537329421556     
   6.2313044665322792     
   2.4267618403439970     
   1.0475520867632990     
   1.3499036627201211     
   4.2045437927299689     
   2.9048878364046282     
   2.5169423035629142     
   1.7126357478893024     
   2.1208447601368210     
  0.85391607995638286     
  0.82638375515660523     
  0.89695457941130385     
  0.88944163769913309     
   2.8070582755640414     
   2.1074218987804754     
   10.520508947325920     
   1.8847685458065937     
   1.7153351690222405     
   1.6454217840984164     
   3.4059763133461534     
   4.5675368492341164     
   2.0649155680178124     
   2.2063880096161159     
   3.9667944769825034     
   1.0751881858968777     
   1.9533385285415836     
   1.9615818819255122     
   3.1845457963537034     
   3.1709459410914289     
   1.4966726663678911     
   1.1407418251278096     
   1.2817557505306560     
   2.7931259636707888     
   2.7939274752331702     
   1.2422757997450578     
   2.6536144921427667     
   2.3043993596878005     
   2.4218471748631858     
   5.0431847056259764     
   1.9094067093601408     
   4.1714528764860663     
   3.1371546592821042     
   1.0246268064657300     
   2.1307034420524089     
   1.3262530637883962     
   2.1938503307057529     
   2.4684612390798772     
   2.5327976631035645     
   1.9858424497931719     
   1.6812148054517790     
   2.6213641863301169     
   2.6878401543515427     
   1.9981830254171566     
   2.5794682479992650     
  0.90323427822374214     
   2.3707567045583855     
   1.1271428508900776     
   3.2999920752914371     
   2.4523052800435758     
   1.8625273327273466     
   4.0635217238099850     
   3.0652668993349899     
   1.3062439202462779     
   3.1789272162856781     
   3.1649913985586142     
   4.9837192773308230     
   4.9176933295257443     
   4.0697220093709614     
   4.1286659102799694     
   4.8534870884683512     
   3.3242320209903875     
   2.1137292003571302     
   1.1540711454541079     
   1.3849470469436576     
   2.9065726643305534     
   4.3074819673585196     
   4.3464279730270050     
   1.8514350684546275     
   2.3593256696879110     
   1.0845120082876576     
   1.8618481417188246     
   1.8185100626533719     
  0.98206247722036821     
  0.99499797546133806     
   1.9846164695217956     
   2.7627761466597849     
   2.7471165559322333     
   3.8579680189629135     
   5.4924236824408466     
   2.3372730167046720     
   1.6744661843749726     
   1.2857062602332427     
   3.1515289835484861     
   2.1634658945055434     
   1.9605583450073101     
   1.9347396402309405     
   1.0449643379171443     
   2.1202710202390569     
   6.8752138918803558     
   2.1618077608695909     
   3.1386530976300766     
   3.1596370019626208     
   1.5481510314692648     
   1.9639666000821234     
   2.0085104770176163     
   2.8764281910694325     
   1.6802276776805358     
   1.9249542212272932     
   1.0597195858492849     
  0.95796645668793534     
   1.5876297145878036     
   2.9095737965900805     
   3.1889451389141503     
   5.0397390770875354     
   1.6188919309238292     
   1.6680135730408505     
   2.3826562210879620     
  0.93423858362344447     
   2.2029917458796251     
   1.3980658322366548     
   1.3707898404318621     
   5.4503998856024047     
   1.4822749606904637     
   3.7971553378975247     
   1.6710027406710104     
   1.6150202833067975     
   1.5439864136077281     
   3.4394954603551589     
   3.3856773713400492     
   1.3841284938774294     
  0.75719665069143971     
   1.9810069771597369     
   3.9032141035833257     
   4.0066081206889992     
   2.7087976406974863     
   2.6517424872373860     
  0.72303291137902093     
  0.95645396440196528     
   1.8732270444149111     
   2.6065215134206507     
   2.6518919685912481     
   2.2996777170419866     
   1.1825732949687904     
   4.2297469440472995     
   1.6919900350617907     
   1.2232166173991756     
   2.5265669759354745     
   1.7172379467201468     
   2.5217668673756473     
   1.5392681948576616     
   3.1362496541135814     
   1.3472096624332561     
   3.4116019352562481     
   2.5909958050276556     
   2.3997425340916338     
   2.3233627774784402     
   2.9808661791885647     
   1.5953734617885511     
   4.1282143871972519     
   1.1028366347785621     
   1.7961655768586955     
   2.0238675189121973     
   2.2581791961186246     
   3.4735878792192243     
   2.7819256543113857     
   2.7245547118168503     
   1.9627402690604330     
   1.3641159021401865     
   2.6588397697856152     
   2.4041063518098111     
   1.7636941426155364     
   4.3530481036697353     
   4.3714373780694693     
   4.0648527012247282     
   3.8898873122418487     
   1.8942649633308781     
   1.9136249124517670     
   1.5334559053962478     
   1.6410071539012214     
   2.8821886357597180     
   2.4268837160064618     
   1.9117784989732969     
   3.5818708853424521     
   3.4534559766902468     
   1.0470988165363828     
   2.5395083077144767     
   1.6990302320501336     
   4.4856501330759135     
   4.4598725625361411     
   4.4659940719905125     
   2.6706375004492906     
   4.2716866576389823     
   1.8403286923218665     
   2.0422963263474894     
   2.7269407989385144     
   1.7915265948753163     
   4.4840396243726994     
   4.4162259763869871     
   3.0639283953795591     
   3.4356302654447655     
   2.9948663875581438     
   2.3354521920861675     
   3.0966365367476412     
   3.8446605347306360     
   1.4274697699897230     
   1.9250045578398653     
   1.9064299573686174     
  0.89141179736496190     
   1.8849010410385001     
  0.99197112023419998     
  0.98865938941417519     
   1.5493786953731412     
   2.7055034833197311     
   2.1937000002183216     
   2.0969090726176138     
   1.8200728309306533     
   1.2482450361954731     
   2.3978439364211046     
   2.5022784003126701     
   2.3113354352810163     
   1.5258019699607512     
   1.5497058804227430     
   2.3929685970252397     
   3.3126935855853956     
   1.3415197750062438     
   1.5339163716823634     
   2.1344800453321020     
   1.7870681213833837     
   3.8220735419574803     
   3.8948909299030561     
   1.2984592671763582     
   2.2469042986084728     
   2.9020437725968828     
   3.5966560845068005     
   2.6271373187827165     
   1.8315360884201934     
   2.0912876534345521     
   2.0214763762462407     
   3.9598395508826871     
   3.5855556669317150     
   2.4089896080504172     
   2.6742500421314315     
   2.8762801456912448     
   2.5663074148491503     
   1.8667140322572704     
   4.8050893451007468     
   2.3289723187557172     
   3.9821423755611360     
   2.8939240106771291     
   1.6764896594926046     
   1.7138833628869110     
   1.6128247452002626     
   4.5903834468583113     
   2.6924668632853632     
   1.7715749182102736     
   1.8269946252222473     
   1.2564214530889173     
   1.2702223766096963     
   1.6595047266444614     
   1.3015665275200536     
   2.5324650278303702     
   9.4202889423463176     
   1.2709947199480487     
   7.7379234901686909     
   2.0828853120415949     
   2.8824746520339599     
   1.9322196958807443     
   2.0490129935843995     
   1.7496961291292421     
   1.9420294544764172     
   1.4920391830773294     
   1.5609719293033288     
   1.8740613384399825     
   2.6935452707802741     
   2.5399062931324825     
   1.2216389832690435     
   3.2725279798131917     
   5.2941787790461188     
   2.2635070430546689     
   3.4807929253339180     
   1.3232909585035300     
   1.3857626733690986     
   1.1993974971370134     
   2.1227380422802802     
   2.8964990638644168     
   2.8251197815854359     
   3.5489304519612550     
   1.7053817657920207     
   2.8982689646297115     
   2.8621698378646543     
   1.4777896891494395     
  0.94069892847510572     
   1.3904838753701689     
   5.7414745274579992     
   3.9348380723060274     
   2.8558385084111766     
   1.4546024957637460     
   2.6103711147398481     
   2.5659822659186120     
   2.8694843246023098     
   1.9323647052292818     
   1.9575808090820332     
   3.1946928430556403     
   1.5919830174470455     
   1.5665566811088381     
   4.9442924877584495     
   1.7039303991748780     
   6.6085691420938302     
   6.6496287016924649     
   1.2928868664751678     
   1.3558636503532175     
   2.7416563830321898     
   1.8763920291933174     
   3.1259892427769653     
   5.2489365971524613     
   1.4909151269570542     
   5.1816883756607677     
   2.5845199265900347     
   1.5652007087858171     
   1.5498590695991918     
   2.8669694168535425     
   2.5437699780435623     
   2.6262707651634929     
  0.87000319846597252     
  0.92519561510559634     
   2.4030953814543992     
   3.6222146321599200     
   2.9565543496236906     
   1.7768490014525176     
   1.8079078038005696     
   1.8001096073356244     
   1.8181185177217152     
   1.9033539739438792     
   2.2090959103089958     
   4.5293932032155526     
   2.6938235463997238     
   2.2715980243619884     
   2.7296436059057836     
   2.5985238871718437     
   2.5349474953998237     
   3.2002792888297238     
   9.4377735269340679     
   9.3890492508506966     
   3.0643182082473825     
   3.0540430161201151     
   2.7361670756874577     
   1.7638810507252800     
   1.7867200405136954     
   1.7847569898250641     
   3.5876960566016916     
   1.4708652121640817     
   1.7880541590399057     
   1.3840472138990800     
   1.9269172118815829     
   1.5996037428680843     
   3.9676045887279150     
   1.9738032478049787     
   2.5540833262322580     
   2.4877851401405899     
   1.4250616297166478     
   1.6459737577444513     
   1.7312865335492054     
   2.1963169154143349     
   4.1544936950138753     
   1.1545797362155905     
   2.1826008416987426     
   2.3214961970563688     
   2.9709263690348449     
   2.0570075756100281     
   3.8790031881382427     
  0.97728877044199802     
  0.95781348509094633     
   1.2845199798187543     
   2.3716612000847808     
  0.98743197495353607     
  0.98826904233900437     
   1.0234932671542909     
   1.2725429041653238     
   2.5587941643121495     
   1.6901098963892978     
   4.9640858260640908     
   4.9609853247692817     
   2.2424430772966537     
   1.0152129094906346     
   2.7377225454396905     
   2.8398561924515526     
   1.4612381244906132     
   1.1308988922485574     
   2.6381844528532539     
   2.6812087888472900     
   1.0599149949952702     
  0.76796816867406348     
   1.7360526967431158     
   1.4024093036219705     
  0.85815034327399953     
   3.2188687980379198     
   2.0383963376009899     
   1.2592963914263657     
   3.5936175721141046     
   3.4017854450396032     
   1.4678685687529380     
   2.7840077374615957     
   2.3560449574576410     
   1.9098233456148153     
   1.9919960951759292     
   7.0582828564613544     
  0.76693294553351110     
   2.0426963310260020     
   2.1196138649023273     
   1.9410694277913985     
   2.1840897429879074     
   3.7307260621368408     
   1.2412295185960613     
   6.2115121179203170     
   6.3693124694116401     
