   2.1541125457673846     
   2.0451707669682744     
   2.8238490871690143     
  0.77676714370501476     
   3.7302070487139822     
   2.1077023320267290     
   1.7950800391845620     
   2.2114587914481101     
   2.3906494509691085     
   2.4137540904251202     
   2.7443489832868213     
   3.7750166809276657     
   1.8858289607651566     
   1.7840840238166611     
   2.7510411547425662     
   1.2299022283695298     
   2.8760133634542289     
   2.7506118273455726     
   2.8231536536089337     
   2.5078761498374140     
   1.9644067708248418     
   1.9036387208986585     
   2.3762448743100233     
   2.2842053766167405     
   1.4883563089852581     
   2.0545483192860066     
   2.1944329292159597     
   1.4904268682693089     
   2.7240757623151768     
   2.2374903799180790     
   2.0458156748477174     
   1.6761595859362008     
   2.7795215164555529     
   1.3541043841494711     
   2.2763437471527199     
   1.6440003007545094     
   1.9289976663597372     
   2.0368623055983770     
   1.9260405234157441     
  0.78235743742829444     
   2.2163390599188628     
   2.2403430750658950     
   3.2284543099176313     
   1.7919046753036543     
   2.5757208353959373     
   2.5201386002932460     
   3.3946084833208761     
   1.2997786463147702     
   2.2971621251272940     
   5.2879320787986561     
   2.9344968012285593     
   4.4317994078302414     
   2.7151309310364296     
   1.7296200238295640     
   3.7489159625486690     
   3.7652530538706830     
   3.6833025441499845     
   2.4861553419308224     
   2.9515388833268235     
   4.6827295183420841     
   3.7774835780471721     
   3.7917396803868817     
   7.0390026720812768     
   1.8091274742904400     
   1.9058073625695531     
   1.8495818691594179     
  0.71311720336323847     
   2.6775721738592382     
   2.6598879529227952     
   2.6481210190211724     
   2.5602037971399825     
   2.1023191222245732     
   2.3636909830966530     
   1.4130282267272134     
   2.7226868828250117     
   2.4230972667236474     
   2.6206084585519727     
   5.4959458560444876     
   2.5304795404493348     
   2.1366112630581546     
   2.4270535046247330     
   11.066252793667420     
   10.994279134937235     
   1.2486540686202579     
   3.3565431310293610     
   2.5642128800755914     
   3.4994178465139605     
   2.1680180566972300     
   2.1975757052371137     
   1.4151692248476473     
   1.4570418382073536     
   2.0470125201058456     
   2.4340314083438255     
   1.6931826348032821     
   5.1923173246272158     
   2.5924401752494535     
   2.4690381694878747     
   3.3416468814927160     
   2.6799038856011057     
   1.9437325114998387     
   1.7005633292306723     
   2.1108534130915633     
   2.0930137500714356     
   3.5365392877722659     
   1.0684722334326660     
   1.8946196779018005     
   1.9486224104850938     
   1.6016617737020415     
   2.4139618521388040     
   2.3841289023569128     
   1.3132324713285519     
   1.3208876313529379     
   1.2504056711050533     
   1.3477171896436120     
   1.4541532723475512     
   1.8393742101641257     
   1.7923247269042826     
   1.0883875322318104     
   6.9766070015006711     
   1.7354513717693285     
   1.6909651612635292     
   3.2117799104853315     
   1.1724087718107208     
   5.5580996038781212     
   1.2712442129740631     
   2.5672586644019706     
   3.3045891946307964     
   2.5924830428241505     
   3.3583461560715282     
   2.3050691635134841     
   1.5371525595591571     
   1.6750838043094936     
   3.6899799316043023     
   4.2872209815811662     
   1.8917181063098061     
   2.2875657737023363     
   7.0439683685105541     
   1.4930764093479996     
   4.0110882608507179     
   4.0287850457721870     
   1.5650508342322824     
   1.6210045217094218     
   4.0123319740616168     
   2.4834923159325393     
   2.2029951227996647     
   2.5544868412040991     
   1.8867919445337469     
   2.6197094408149026     
   10.120337563339092     
   1.7130352258049877     
   2.2230293909979504     
   3.7384206334307133     
   3.8367833194855634     
   4.4817466730505728     
   3.1845614987974988     
   1.3454379096937188     
   1.8431715610745134     
   1.9815672829619797     
   3.3232712491376719     
   1.6226711070151509     
   1.5206488947738332     
   1.9002608501319393     
   2.7447550220038388     
   2.6466415241755730     
   3.3135975153071189     
   2.5206009060438035     
   2.7598409382608908     
   3.1170303186785615     
   1.8220729559744553     
   1.6835788988431022     
   1.0078454317516328     
   3.2057347619904095     
   2.8968028697958692     
   2.0716429890362571     
   2.8406890169064694     
   1.4507925326035953     
   2.1049973407790681     
   2.1491769680508623     
   2.8464668041336627     
   2.8965080013141229     
   5.4212012438327566     
   1.5484875807893252     
   1.5537190902415248     
   1.2953538454403413     
   1.2524545278833095     
   2.5971673160333069     
   3.3872802178564347     
   3.4282151079830969     
   5.3273701849674522     
   1.3333496172966215     
   2.1362316045733545     
   3.4818521654525969     
   4.2524102792645762     
   1.1968735049148904     
  0.97631806370615004     
   4.3824229166292819     
   2.0144091395031554     
   2.3510140364853256     
   3.2453480483748689     
   1.1610396283072510     
   1.1428819202302685     
   1.4418411702579752     
   2.0307389394119815     
   1.6040381570087352     
   1.6711970993583547     
   1.7684575481330609     
   1.3204580154134082     
   2.0601295043872745     
   2.4200352016308040     
   4.1701352978990114     
   1.8847577085144134     
   1.9015994456030445     
   2.3293112890357519     
   2.3182768534502496     
   1.7488286126334556     
   1.6650223569523175     
  0.84983018346140693     
   5.5004830808997403     
   5.4518071804485011     
   1.6985061644238104     
   1.7303775305059295     
   4.2092086962140316     
   2.1804959904420089     
   2.9470981918048538     
   1.2085609148758139     
   2.4663869235764211     
   2.4337071041181577     
   1.5496687538204721     
   1.4221565426502858     
   2.3527260006004398     
   3.0681997603465017     
   3.1941821814721498     
  0.55383501142281510     
   3.3105946989063608     
  0.90992433420698626     
   1.7416344169763052     
   1.3952939480961193     
   2.1576474808323702     
   2.1450892237820169     
   1.3900363217811644     
   1.4601639773242374     
   2.3547004540093774     
   1.5252257648223515     
   1.2791069860925572     
   1.7470633306736427     
   2.5260914867119681     
   2.4980456251742407     
   1.2224050018102917     
   2.6675674011096882     
   2.2432674811094353     
   3.4903597518998071     
   1.3914443367642098     
   3.1679971520168140     
   2.3988831279206551     
   2.5151780744204686     
   3.4791127090827159     
   1.7946374944151171     
   3.5830612482963820     
   3.5326312288516917     
   1.8549257287686964     
   3.2016442252456736     
   2.1330632932396827     
   1.2132998444095426     
   3.0809253797170859     
   2.9013172207404767     
   2.7414049448559115     
   1.1054032888324017     
   5.5177720553667218     
   3.7413142632234591     
   1.9786124416312298     
   6.1533126699446168     
   1.8570288190354114     
   3.1153887169330421     
   3.2208679808225620     
   2.8133988015828715     
   2.1314754075769060     
   1.5838565911488691     
   1.5961914842860199     
   1.5419769324317418     
   3.3806821900161141     
   3.4235448952136336     
   2.0807856698846638     
   2.4194035137760839     
   2.3220016838312825     
   4.8546214989551357     
   4.7789805524628211     
   2.8516852395591394     
   2.0043888336996423     
   1.9326637893392229     
   4.8557279817715848     
   3.1575062206846876     
   3.0965577132278668     
   3.0769584221079542     
   3.2015669640476654     
   1.7112861251330767     
   1.9478802524605787     
   2.4666840222557211     
   2.3375183993556798     
   6.0167393382473469     
   6.0621770521397407     
   1.7322569449410039     
   4.6712283918835453     
   2.6778081795947433     
   2.2985347444857975     
   1.3634983038605450     
   4.4966978286831027     
   4.5508231478904184     
   2.1687229377956441     
   2.4881419162894027     
   2.4007922391705265     
   2.7472565344754467     
  0.67521455268835295     
   3.1334565490974691     
   1.3481708283015792     
   1.8007833583941850     
   3.9686852927472951     
   3.9520797030574584     
   2.2205479350255084     
   2.4690160994999397     
   1.9103484363338115     
   7.3741754158413872     
  0.89784819105795044     
   2.5033610261290900     
   2.6332364037255198     
   1.5744846348743644     
   1.1546008363470748     
   1.4765706781228747     
   2.2120343512522829     
   1.6809240502137925     
   1.8434536912859918     
   2.2200584874189717     
   1.0250475226113955     
   3.6288744428568793     
   1.9270962679867343     
   6.4061659606551205     
   4.7023473557018578     
   2.2101079420247327     
   2.3642396368105372     
   2.8441515495654617     
   2.9449879753258794     
   2.5326667648069461     
   2.0530878947187348     
   3.8517828777478034     
  0.98958259381353630     
   4.9228127694426602     
   3.1459400588756119     
   1.8334084348484692     
   1.5361944258065607     
   3.2433857391076937     
   5.4915638665852944     
   3.8560073062456581     
   3.8786640022263681     
   1.8578261414389878     
   1.4646336095576926     
   1.2030517041329500     
   2.5087101885538643     
   2.0995614805338798     
   1.2534279872854430     
   1.9005991255749610     
   3.6421821360088513     
   3.6668996389114548     
   3.6613611829176729     
   5.0121334493891370     
   5.1095982245510765     
   2.2631669299451969     
  0.95585999252768727     
   2.0775523665777187     
   1.5552990167808407     
   6.3241192523990302     
   1.7631486995094383     
   1.3233838675468534     
   1.7396917763109501     
   2.6852611594401070     
   2.0472418427018533     
   1.9994196204383208     
   3.1228710715065437     
   1.6029363266906980     
   6.8406447806565218     
   1.9154328600061929     
   3.1531128312860957     
  0.98817923365006410     
  0.87055160070801130     
   2.2607409156267440     
   2.2387510617983808     
   2.2186453118367155     
   2.2769764929331671     
   2.2391921337006235     
   4.6458191000316909     
   2.8280146411905664     
   2.1631632889028811     
   2.1578175703974147     
   1.4469724943404083     
   4.4741209571274680     
   6.7710686069143673     
   1.5903191581952774     
  0.91320730548574791     
  0.83797389072759587     
   4.0063962226093324     
   3.2951445396419436     
  0.87297719483654002     
  0.88515818530756563     
   2.8907224119769404     
   1.4393958910701397     
   3.3351859848345078     
   5.6086515861408079     
   1.9482861571471244     
   1.9632398678465366     
   2.8996377946708685     
   2.9901767409049933     
   3.3403041410561776     
   1.0185354373023783     
   2.2978466120745069     
   1.7792270569959605     
   1.8216384680883646     
   1.3657288101995566     
   1.7978360299808369     
   1.2699849897988340     
   4.6074421736737028     
   3.4147721610738468     
   1.3590175453542479     
   1.6902136098043361     
   1.9653534125904848     
   2.0014796839762923     
   2.6044530849879135     
   3.0567186653238303     
   1.4472645601273630     
   1.4421889078098264     
   1.5807073785523698     
   1.8286855926235828     
   3.2404618512605237     
   1.8679697970589932     
   2.4556755195014150     
   1.1245233731530964     
   1.8243839873535250     
   5.1499760337547800     
   5.0810038178176606     
   2.9229676856891955     
   2.1468699106286104     
   3.2130674804240869     
   2.4816947994285075     
   3.7302265027307140     
   3.7295289899258317     
   2.5232957693906766     
   2.4487862179748334     
   2.2702863251129362     
   2.2732329623374667     
   1.0692987167962922     
   3.7092414810691103     
   6.9584412607761186     
   9.6254694954325561     
   1.2660390939592781     
   4.6081888550152144     
   1.6149090680727050     
   1.4968610616608797     
   4.3643813652165777     
   4.3010186962167491     
   4.3326167844939718     
   2.1619937369121267     
   2.7294824739128081     
   2.6929271829318666     
   1.5113074906295831     
   1.5096235083562459     
   1.8424102554972133     
   3.4029980861501850     
   3.1380889564790517     
   3.1445756147689972     
   2.2851049118197770     
   1.4488865038081626     
   2.9126118272755144     
   2.1774510249151975     
   3.4426884825678057     
   1.5742193289351041     
   1.6048964482823986     
   2.6832058155507061     
   2.1549689925147266     
   6.2510656626732741     
   6.2894876922869951     
  0.92103168759191467     
   5.5480065132423571     
   1.7652522917339912     
   5.1448125116313586     
   1.6942229594216551     
   1.3238296967024328     
   1.2097030277183018     
   2.1186757527162055     
   2.1213875579818109     
  0.84333946794393411     
   1.6508203584712271     
   2.1428111259333029     
   2.6728515823728709     
   2.2467932058558588     
   1.9338931256993981     
   3.2142485026730312     
   1.0295234801121389     
   1.0670145217447753     
   2.8177612932573766     
   1.4660816996799715     
   2.2550235008499233     
   4.9984692426248793     
   3.2293167404029681     
   3.1829468112525605     
   5.1558675885420318     
   2.7021827597730201     
   1.4744010159960714     
   2.2055035962239713     
   1.7941090053420246     
   3.2232287211775428     
   2.0650055521034365     
   2.7415446798676295     
   2.8283684727481351     
   2.7575763358530030     
   1.5532907205576501     
  0.69896065655454309     
   4.0462349605006729     
   7.0046304057167177     
   2.4856383509896554     
   2.3946841763520683     
   2.9992621566266755     
   1.7737677330513495     
   1.8481514767120519     
   2.6870320941746288     
   4.1806236400046481     
   2.9149875437469874     
   1.5668873095297655     
   1.6601718480726297     
   3.7467816842368671     
   3.7998742659755855     
   2.0063634759063311     
   1.0335993844300024     
   1.6646842312474277     
   2.1562760344402507     
   3.5624898109563077     
   3.4556770789907021     
   3.5920513414773332     
   3.5702167709955543     
   1.8346624332609682     
   2.1176750859895863     
   1.7293184886982091     
   2.2413463365831716     
   1.9527792402932851     
   3.0744285278550172     
   2.0535336061038367     
   1.9213916241937461     
   4.3630063076210153     
   2.5415808967380085     
   10.142687162799833     
   1.1362534081524751     
   6.3457745548433140     
   3.9269325543458988     
   2.0671937493852273     
   3.0534615735234709     
   3.9030222782716022     
   3.9131543003320628     
   2.2089390935214586     
   2.6289672989832797     
   2.0486826672593872     
   2.1122268493930112     
   1.5706862526767329     
   1.3570487537090807     
   3.4361194979724794     
   2.0483542336829337     
   2.2598432611645300     
   2.5140847277299527     
   2.3223473422897341     
   1.3372676562377761     
   5.1516932123390502     
   1.3532615865369169     
   1.1777491102814501     
   2.3101383871212349     
   2.2988007758249354     
   1.4367528783712797     
   2.9122297924271332     
   3.0596126494602780     
   2.9701633131718039     
   3.4027325546345231     
   1.0055238836571725     
  0.99941983537969004     
   1.4989818906464318     
   2.2522053866369895     
   1.5683819945918076     
   2.4947390760638588     
   4.6035905959277557     
   1.5094207850472368     
   3.7026840675877009     
   4.4662293925302112     
   1.8646556488426735     
   1.7378230538987833     
   6.4077833484095938     
   1.9949927476049885     
   2.0547453321474274     
   1.6442726496041336     
   2.2907368266822981     
   3.0259306082703659     
   3.1204257386353276     
   2.2488916446379767     
   3.2227949737660717     
   2.7363848527290151     
   2.1971791198170441     
   2.6688268474250965     
   2.2442577402754003     
   1.4506823532844644     
   3.6051085807037717     
   3.3158577817953128     
   2.4412332653773023     
  0.90717286086833493     
  0.94190995263267219     
   3.0468600924342821     
   2.5505884522109001     
   1.1384534654345144     
   1.9196365393155248     
   3.0944702866749290     
   3.1354786264849812     
   3.0598362742157859     
   3.0105465786064096     
   3.0584469474504945     
   1.8781780333797187     
   2.6810707918754133     
   2.5477759352672762     
   1.9112581698779754     
   1.9706825016159961     
   1.9878800388608633     
   3.5906219015863390     
   2.0322673486872191     
   1.6016519582396138     
   1.8723132321502565     
   1.8300928875302840     
   1.0537420518921696     
   1.3431638318547443     
   7.3331527944479635     
   2.5799968386490009     
   5.4915251165598784     
  0.75225618070526568     
   1.4758556239795149     
   3.8088420837324937     
  0.96573564663011935     
   2.0981488054492465     
   2.3226317923405335     
   2.4025536787196313     
   1.5707809143282536     
   1.4748193967373233     
   1.4640025984565466     
   1.7002585928774121     
  0.85949348676285819     
  0.82069320463314555     
   1.9579350652870871     
   1.3607244611678087     
   1.5020457325710923     
   2.1792032735429245     
   1.6262028872015777     
   1.5929929672618730     
   1.8085716565210022     
   1.1671045167502090     
   1.5905208963008515     
   1.6483416092178986     
   1.0428199977566384     
   3.3550381792753288     
   2.3835785365086046     
   2.4135026591816704     
   1.2497381053527057     
   1.6453511313784026     
   1.7677577209993829     
   3.4546608093331521     
   3.6135490736229996     
   7.3420162026196465     
   2.3971251420733988     
   2.9064895577924168     
   1.1029885900207277     
   2.8357402770985236     
   2.9285185234170474     
   1.2933485622080170     
   1.5740991190738118     
   2.6431058127320419     
   1.1051924781334042     
   1.2933512261571278     
   2.8470450925991098     
   1.5997559956088061     
   1.2545198995626954     
   3.7657051662436842     
   3.8252271841000263     
   3.7580880983377933     
   2.8021242985319121     
   6.1417276144195512     
   2.5371461927247845     
   1.7130929985390166     
   6.3948781017572891     
   1.7329275428052295     
   2.4290473806276696     
  0.92644020078802070     
   1.6906429471586013     
   3.2237230248723825     
  0.99709943668167056     
   3.1747605510425636     
   1.8594279204484501     
   3.3145931517166232     
   6.3937216407668398     
   6.4159797536054706     
   2.7197776565949732     
   2.7541354257213282     
   2.1251387069416166     
   2.0764034344109819     
   6.0094894334341715     
   5.5280627412547991     
   7.6078329242818530     
   4.4990906662300008     
   4.1376200524646185     
   2.5133804555264341     
   2.2142034647747924     
   2.1834027274057366     
   2.2894183327947135     
   2.2973599624082972     
   1.8492894698235716     
   3.1511841521649924     
   10.239293803080990     
   3.6511659921756063     
   2.1386842493516074     
   1.8737687845332824     
   1.3512039404553040     
   1.7767014094395279     
   2.7738660961839887     
   2.5879558989777407     
   2.2220233557316069     
   1.4889822423364500     
   1.5342509953168917     
   1.2506010877283724     
   1.2839556941041310     
   1.4279526813139687     
   3.4921718327724052     
   2.9684687220178727     
   2.8866569439509240     
   1.9127767577081485     
   1.9172080075988980     
   2.3709646282242716     
   2.3530669985296337     
   2.0318783005686440     
   2.3033477992720885     
   2.0941415569805697     
   2.1393573689643084     
   1.4798461082177383     
   1.6878716913559837     
   7.5538993263762997     
   7.6064966445589626     
   4.9158447242425849     
   1.5438673136757235     
   1.3401933744882031     
   1.4014727521117076     
   2.6352317764856164     
   2.6594331475298545     
   2.1149943032375078     
   3.9134022107515287     
   3.9254372881409285     
   1.1364366607793666     
   1.7930551652561968     
   1.8510068001079041     
   3.7044657194678345     
   3.8182349136461209     
   2.5071098456117165     
   1.7547660116301358     
   1.8115196693252560     
   4.6189088526196684     
   2.7216602769293559     
   1.4115511307469570     
   7.6944548789648186     
   2.4809778027445946     
   1.3269433482870805     
   2.5017087313084625     
   1.9251458813861948     
   4.2642717118586786     
   3.7978137402538170     
   1.8776074393786226     
   1.8809212060388694     
   7.0977371237055866     
   8.1030528764234777     
   3.9879498285541444     
   2.7857890621457799     
   1.8564368205110253     
   3.3795928592391782     
   1.9167900761023640     
   2.4606750826569646     
   4.5467837409839555     
   1.7103502373168689     
   1.8320592965334117     
   2.5436422608800808     
   1.3927774013352745     
   1.1468588767353332     
   1.0175461523899090     
  0.99926902047682731     
   2.7918574011425008     
   6.4159216724141759     
   2.1309388909191509     
   2.9338722439049838     
   2.9977546983748171     
   1.2540950736813021     
   1.9824427798784641     
   1.9623996888317086     
   2.6373398173841651     
   2.5266451168922641     
   1.9879456875388675     
   1.8007379877320149     
   2.9405235027338268     
   2.9760542519070148     
   1.9002946612111193     
   2.9705788368337323     
   2.5169741476028178     
  0.83143271616739245     
   3.3564451976276533     
   1.5400318050142479     
   3.8472188871503143     
   3.8568263498286792     
   1.4623593651415787     
   1.9679681126533706     
   1.5975471387058744     
   2.7695343463378559     
   1.7157307838028732     
   1.2094105380114091     
   1.9453573643807167     
   1.1636783955440868     
   1.3836098769332499     
   2.8124350068243955     
   3.6299833998111675     
   1.7513794988989206     
   5.8671668237947969     
   1.0133919582280591     
   3.0804210384602944     
   5.5766527174351008     
   1.1675177124103209     
   1.5519307553138504     
   1.9641586403436404     
   2.0935312593262649     
   2.1046816327914151     
   1.3334711579689986     
   1.9860816693630345     
   1.9936004134733742     
   1.3142933470991756     
   3.2375818570464241     
   3.2539746533231053     
   1.8400311543278789     
   1.4513961333504444     
   3.0518322151811743     
  0.85059949822425895     
   2.3801297748509120     
   3.4876263795416031     
   2.5649287883975007     
   7.6185543910574900     
   4.4654084295766943     
   2.3362998333783040     
   2.5133325034403686     
   2.3101458972249653     
   2.4323005229750141     
   2.3901051738236738     
   1.2683617867247103     
   1.8901222151660182     
   3.1979956695150742     
   1.4700179994646578     
   3.4759509758393681     
   3.4799931800272481     
   2.7754838669762418     
   2.7669077726609923     
   3.1343990415449414     
   2.9267040965228901     
   3.9591976067891728     
  0.94133222811988593     
  0.90446835943291992     
   2.4870658342253389     
   2.2110268802936157     
  0.73440985423079985     
   1.4969799942977893     
   1.1396723550206074     
   3.4901829187473750     
   2.5054344580781449     
   2.5687838446458224     
   2.3339127010627445     
   1.5946023850123305     
   1.5499845782555011     
   3.2807241854386393     
   7.9882112210663427     
   1.9064120300704375     
   2.7454974129631351     
   1.1303393721859307     
   2.5013918225310250     
   6.5908367496532163     
   4.1716635402840678     
   4.1571481960710432     
   3.8225818845042738     
   2.0572268224213506     
   1.8510085153206399     
   1.4361264632244006     
   2.8310030655480385     
   1.8107308764152619     
   1.0677304674376751     
   1.7087546490289554     
   1.9016354510272979     
  0.77549153209077348     
   3.2246228853396186     
   2.5469736704294745     
   1.4373251205910069     
   2.1190978818933823     
   1.5334674946332008     
   1.8219458358824465     
   2.4956832315336923     
   1.5833635456078894     
   2.6171530442820599     
   1.2101984106074251     
   5.3767286716000147     
   1.5410573547609516     
   2.5217637802712836     
   2.4893510910590932     
   1.9110815208233585     
   1.5990864608357089     
   3.6178257271118071     
   3.6359521275413624     
   2.2215592376473947     
   3.0116307622434029     
   2.1907370753704707     
   2.1545502331473108     
   2.3537057867944462     
   3.7203816561842884     
   1.6541052249945689     
   2.1121543307694775     
   2.3774031573206513     
   3.4999781986526579     
   3.5364700430393432     
   2.4658268244196715     
   2.1056942716538307     
   3.1732774893519369     
   2.1908669677705834     
   3.0610376104932357     
   2.7942249978023939     
  0.97884691394171608     
   1.4617708228022026     
   2.8406506883242870     
   5.4870266841799200     
   3.2519501837159770     
   3.2867175777902506     
   2.6474793440160300     
   1.6854454574701572     
   2.2823780616172602     
   2.1695048944963129     
   2.5854290688218162     
   2.4425252574421412     
   1.3036819062374763     
   1.3628692839267513     
   1.2705488851417790     
   3.3548976445137231     
   1.6782637401248215     
   2.2265430838527114     
   2.3781570227860080     
   2.0185208515763486     
   2.6344631050547362     
   2.6506777292812416     
   2.0027239009961999     
   2.4355406701945252     
   2.4331347426189116     
   3.8230528812896916     
   3.0990500560044909     
   3.1024492843016378     
   2.8926047219697741     
   2.9213228814321170     
   2.9512486368731614     
   1.4978071068270564     
   2.5719131108613498     
   3.1640337998218899     
   1.3806544493943897     
   2.6224032116686677     
   1.0393666736029761     
   1.0898524920652251     
   3.0373549858250377     
   3.0669561018696219     
   1.2656271737432543     
   8.1394226991847933     
   2.0942058728510884     
   3.5073200227362276     
   3.0936773931063262     
   3.0416814410740844     
   2.2097464527818067     
   2.1040608060895996     
   1.6850219795265708     
   1.8196206685281582     
   1.8043316177379851     
  0.72843487183447964     
  0.72758596201398507     
  0.72971191254663204     
   1.4659017488374102     
   5.1626003028698300     
   2.0055985893023340     
   2.3839811454173248     
   9.0533998309461730     
   2.1227380422802802     
   2.9318278089588237     
   6.2015782724742650     
   2.1843848474851750     
   4.6332009228349298     
   1.6831844478915512     
   2.4590246416034649     
   1.3001506176074706     
   2.7276385922919855     
   2.8333699669776169     
   2.7332917617586507     
   2.7503332730008476     
   3.9208728060935276     
   1.2301409392512308     
   1.2742931227142824     
   1.9560641231113252     
   1.8958531042754485     
   3.6904996794862952     
   3.1716563066926642     
   2.8217080604873224     
   2.8400729746452078     
   2.8918465074322732     
   5.4377422001836058     
   5.3517600103171930     
   5.2993315725185681     
   3.1875955361010555     
   3.1542978490729197     
   3.1683389447243462     
   2.8822824083435896     
   2.0720283039048017     
   1.8444859974861292     
   1.7586206558565549     
   1.6971919870663137     
   2.7471631606783098     
   2.7296936981227051     
   1.2793756734033246     
   3.6545296629273274     
   2.6804947893636077     
   1.9335409824296359     
   5.8359072941574635     
   5.7417836072877027     
   2.5423727488504881     
   1.8039692669784526     
   1.7547152557372683     
   1.4503615190374310     
   2.2318838566556551     
   1.1181694494172638     
   2.4836724114428295     
   2.1096071215498715     
   1.7381782667367982     
   3.8638491998827909     
   2.5780576660822025     
   1.0787413386433247     
   2.3919237169922041     
   1.6578739625994912     
   3.4108297867049884     
   3.4687997203003458     
   2.1235293573502010     
   1.3520621740045928     
   1.2986666147839316     
   1.5393980113800207     
   1.2596815765866494     
   3.6163542734855270     
   1.0639412997581310     
   1.9412169751938513     
   1.5682839193525147     
   1.9658248592561123     
   3.8635251408930920     
   2.1515487730596852     
   2.2843786784908970     
   1.0148293053301156     
  0.96103571234992335     
   2.8054951768159042     
   2.8339061184939687     
   4.3976797421822660     
   1.7645347670216627     
   3.7658620399402545     
   2.2813051062165326     
   2.2277924438768753     
   3.1508628989800327     
   1.2772397447113379     
   2.0810962153260841     
   2.2744111184091707     
   2.2859556609188703     
   2.4400694715188256     
   2.4051176580678693     
   2.1077458528009636     
   1.1975594630978739     
   1.6098739458895157     
   3.3572302102982916     
   2.1469108741121326     
   2.0430117479601329     
   5.8769788354779067     
   1.6356577286794591     
  0.78424896476615358     
   2.5530039326087763     
   1.8845245727111379     
   1.8640408099400332     
   5.0529695838538728     
   3.6763599154501727     
   2.1835387931814125     
  0.77420905178532939     
   1.3256690583994581     
   1.9206033113901959     
   4.4974145310562239     
   2.5940423329858509     
   2.6261522683552698     
   3.8681702037241226     
   1.7420147979581582     
   1.4793594063312148     
   2.8550094622805626     
   3.0475555625461803     
   1.7151915230346808     
   4.6847699339664199     
   1.8840442294900481     
   3.7215337645755993     
   3.4441329135022434     
   1.9636457134611323     
   1.7672362075991488     
   3.7890714909875616     
   2.3349375730377493     
   4.0831965176649438     
   3.4461604006964510     
   1.7777178457484375     
   2.0127317709185211     
   2.1163292081428247     
   2.3888726404130858     
   1.3679473907566353     
   6.6379565331830124     
   2.6950468989298590     
   1.4440143888142556     
   1.4088854810752287     
   3.4427941869338157     
   2.9187083831443386     
   2.9290079136209317     
   2.4180802140596485     
   2.3255518523320782     
   1.6951823129025563     
   3.2018587506252665     
   2.2216973173704515     
  0.99688235521589452     
   1.8680469361527361     
   2.0303468470229591     
   1.6547605547030766     
   2.1963853472204256     
   3.1316337257938014     
   3.1077379883806064     
   3.1303842549232019     
   3.1251531173838174     
   3.1735071919964493     
  0.91648725088104110     
   1.9489261093215464     
   2.2285934624942447     
   5.0542775781184028     
   2.7152917807646322     
   1.0355785974564911     
   2.8960688882719223     
   2.0629167738895591     
   2.5842979612661936     
   2.5618309605498855     
   2.6317009565944960     
   3.3410380844537007     
   3.0861134650343458     
   3.0921122200560092     
  0.94086732058752076     
   2.8480581030639947     
   2.1632508480035817     
   1.9627546102643578     
   2.2499262008020700     
   2.2767039148502262     
   2.4494717332516287     
   1.5852839674855570     
   1.2899764873400670     
   4.6293727012350985     
   2.1734250677852613     
   2.1404301727022585     
   5.9222912987603173     
   1.7829050288186015     
   7.6523153526993024     
   4.5338709611487014     
   1.5631630832718932     
   3.4739819008895627     
   6.1902624760647820     
   1.3766068374100850     
   1.2633551764970601     
   2.5857784333924281     
   2.2001089667079312     
   6.7168473729694309     
   2.4953295900898183     
   2.0981488054492465     
   1.2416261450724679     
   1.5105312684379875     
   1.6324274630810485     
   2.3706663785736919     
   2.5909605125881665     
   1.8708791323964755     
   1.7805446549398305     
   1.8413224514457740     
   2.5198958737976351     
   1.8475448877435530     
   2.1070030899042482     
   2.1212150685437825     
   1.9093276240367607     
   1.1047976139823446     
   1.7121365446411951     
   1.7824875028176894     
   1.5862376977168655     
   3.5343780734159735     
   1.8897301024992348     
   2.5167239959018941     
   1.1595371864555277     
   1.5634436261835025     
   1.1756386861867938     
   2.2863596618926421     
   2.8340942167536531     
   2.0904442088493047     
   2.1420845194711293     
   3.9064107540531210     
   3.9157068067778074     
  0.99575895157119365     
   1.1183085403065010     
   2.5007715180887620     
   2.2265665617697072     
   1.9057406924748821     
   1.8700850787220153     
   5.1859347006222052     
   1.4680734652143792     
   1.4347352073160422     
   2.4135004423024564     
   2.4332801682689680     
   2.0866382784329289     
   2.3148241254802557     
   2.3381446194790794     
   1.8756718637122947     
   2.0491101117301200     
   2.8576559690563030     
   3.4366138360978633     
   3.4312604240622520     
  0.88530233566925487     
   4.3682886610817615     
  0.87210483589514698     
   1.5629791818210161     
   2.1630330308112371     
  0.80809445886723696     
   2.6329419667309808     
   2.2671634452739355     
   2.5101735950443063     
   1.8944623528189584     
   2.1920206465399366     
   1.1573664575075326     
   1.9045027563004804     
   2.4153748479344590     
   1.4024847522460480     
   2.2431548979777451     
   6.7138397525372531     
   6.6712885930227941     
   3.3567392724930967     
   4.0491241385620400     
   1.8005912390568635     
   1.8750985362727177     
   4.0165911717316529     
   2.0933196831265013     
   2.0851875019664852     
   1.2629370232122064     
   2.5154357043630649     
   1.8414894836838502     
   6.9809252902907035     
   1.7579222987582179     
   2.1499483355459668     
   2.0353755621001164     
   1.8102773552338225     
   1.8212560244191509     
   1.8695314651916113     
   1.9118136458028834     
  0.94093832011938972     
   5.2570864672356370     
   1.1257133183179304     
   2.7011579723305439     
   2.6048788859868814     
   2.4544711367652128     
   3.1634849130849552     
   4.4658147312564243     
   1.8019487229636408     
   2.7406667288712323     
   2.6879477448009466     
   2.7700154419531406     
   1.8686278587069463     
   3.8065849844963195     
   1.4075634861949655     
   2.6375281702573776     
   1.7531207932390276     
   2.9268738652321824     
   2.9119225272101295     
   2.1937461916786396     
   1.7359718649188243     
   3.6309767746862835     
   3.5537529720742671     
   1.9467023900799993     
   4.7123344348817238     
   2.7539901553492681     
   1.8632286370299258     
   2.3357973716599973     
   2.5340070174011591     
   1.0411685635061849     
   2.1520283786812220     
   1.2066843948793515     
   1.3473692205987429     
   2.3460424670896454     
   3.3258614076318680     
   3.7825195369014852     
   4.0980320937912378     
   5.0921779896620674     
   5.6498698929850422     
   5.8719641511731924     
   5.8889879394161948     
   1.4443505118610722     
   2.4458051596770427     
   2.8240293054773655     
   2.3089615811459998     
   2.7144026039592348     
   2.8647212218063811     
   2.8762846700411124     
   3.0717711501489617     
   3.3708149181242453     
   2.2415355133021446     
   8.0684474856774582     
   2.2747412978684398     
   2.6663174179783082     
   2.4083111413839737     
   1.8130448303696307     
   1.7543940213585287     
   1.7294992408146679     
   1.6894054095186026     
   2.7163730759729221     
   3.6870739908087793     
   1.9619820911252401     
   3.8746924040231927     
   7.2410436068549595     
   1.8124898132253580     
   1.6772023881056353     
   2.7460472743882862     
   2.7567895392563959     
   1.5810361956489352     
   1.6455484925692891     
   2.2791462802487574     
   2.2251118257830425     
  0.88176198807079498     
   2.3890537033840529     
   2.3678006123121746     
   1.0555045346011211     
   1.6713077206434661     
   1.6582493328492933     
  0.95811357723056723     
   2.1504781208568513     
   1.6163330387627111     
   4.3399292726024417     
   4.3390457549993071     
   3.1071218331364090     
   1.6792393809916049     
   1.0923852964365712     
   1.1494698301147006     
   1.4863657973960280     
   4.2025360253358608     
   3.8121858913778852     
   1.9682735015943575     
   3.7592077783673288     
   1.7455576806236823     
   1.7701723056710521     
   2.1900094931478500     
   1.0705803688057349     
   2.1370484859845491     
   1.4515208778617705     
   2.2033919424275514     
   1.1462431178390606     
   1.8645998851022709     
   4.1919800498326998     
   3.7452444530595050     
   2.2786054808809038     
   2.2821845841391881     
   1.0949548365173132     
   2.1529737260432880     
   1.5840135738712020     
   2.2450366516671036     
   2.2395558871483292     
   5.8239882972077437     
   1.7538045605779704     
   4.0151712431802080     
   2.1208403218112157     
   2.5586755127732417     
   2.4476695621794535     
   2.4956920025546219     
   3.9512595769047345     
   1.0588363683876183     
   1.7160762338578903     
   2.7776998944875060     
   2.5802324951034632     
   2.5515757317312056     
   3.8775975664150213     
   1.2574875463215525     
   2.5981091386965285     
   2.4156584102381702     
   1.0405881773796288     
  0.88769351699217147     
   1.5098823202296108     
   1.5516943075055822     
   5.3335872884402296     
   1.9392141179145801     
   2.1972368978835553     
   2.2312523752207176     
   2.2125530475898678     
   1.2073700309768141     
   9.8126615186768067     
   2.6189639781840035     
   1.3010916500363796     
   1.0221233524198501     
   7.2574279995107984     
   2.0987085045318072     
   1.6955863133688232     
   2.5458553433411364     
   2.6279844156586054     
   2.6581365052450652     
   3.1011742710813364     
   2.0369669805625081     
   1.4572719458424013     
   2.1573140011830172     
   1.1315882926188519     
   1.5476556906359045     
   2.6105134168172262     
   1.1901873580641040     
   2.4012484399529099     
   3.0843120010642435     
   1.4728184803280104     
   3.3083453001407785     
   1.3962436874473003     
   1.9508217978610927     
   2.3395436085438526     
   1.7010181974442014     
   2.2295832813810823     
   1.1425218147235134     
   1.5617673231646909     
   1.8502213576026472     
   3.0696000314310026     
   2.2169667273734146     
  0.94105429581787681     
   1.4174700927101131     
   1.4224404810912141     
   2.4294080092389412     
   2.6292609924740256     
   1.6149691382747711     
   1.5310589601727524     
   1.7116983223337561     
   1.7884594411659971     
   2.1490539790796417     
   3.3167675063404656     
   3.8010750030157943     
   3.2681071258826475     
   2.7035526295589913     
   1.7933377079463382     
  0.56515911479640324     
   2.3181028980321789     
   1.9848068984351428     
   2.1187817117117826     
   1.9990124067119643     
   3.5302463164375188     
   1.0512304413465456     
   3.5272969024990100     
   1.0363211309974654     
   1.7743216954541634     
   1.6841077351340186     
   1.6803639129254260     
   1.6274670694041211     
   2.1475460249993805     
   4.2964040078937344     
   2.3108048456237897     
   2.8885858203035202     
   2.9190448541856542     
   1.8888869817500076     
   1.9259168214849141     
   6.4893434875978375     
   1.7412799524822884     
   2.4023592864855767     
   2.4012365204010626     
   2.3699370122935752     
   2.1438153504604407     
   2.1103744463461327     
   2.0519834399498644     
   2.0269819598371668     
   1.2529899140788452     
  0.98030073684095875     
   2.8657328121766503     
   2.4170541447602649     
   1.1572633875804030     
   1.7353124416419634     
  0.92086651364770167     
   2.2313944422097047     
   2.0647804427937837     
   2.0328356072583573     
   1.0065096785620857     
   2.0177573131372282     
  0.87918338785334083     
   2.6193241714326678     
   2.2005427949715655     
   2.2089756125485445     
   4.2229682185302737     
   1.9353122342983953     
   4.7825703160454269     
   1.9128366319278738     
   9.8595155454569081     
   3.1472671774860745     
   1.9432900537785505     
   1.3506757907433715     
   2.1126252426718319     
  0.89532284905555093     
   3.4697233197144772     
   1.4438886553520813     
   2.9724774059405461     
   3.2072177350908806     
   2.6929174910028948     
   1.5263270429224527     
   4.3342002111152764     
   7.5875352723907623     
   1.8443105389137011     
   2.0757987087308067     
   3.9764636850832225     
   2.9020118702462403     
   1.2321258547901028     
   5.2188773669438531     
   1.8726462034241227     
   3.6425925759069675     
   3.3863482129487208     
   1.6611151408480571     
   2.7209276844041268     
   2.7119877131407670     
   1.9487625995549143     
  0.86902106256382949     
   1.8896344594585732     
   1.8822436167501506     
   2.7655074632229493     
   5.3616413022945677     
   5.3283643213328356     
   4.8518194211118892     
   2.8175812570769785     
   3.7305289754438449     
   2.6352051060874571     
   1.5207082846126672     
   4.4821565977071991     
   1.7243796237595803     
   2.7724250005881643     
   1.6978594550132786     
   3.0967932358668939     
   1.8249019543867269     
   3.7100099419793073     
   5.9223622341164379     
   2.0083447457694805     
   3.0215704896654092     
   1.3703062132596415     
   5.6842950842539519     
  0.77528404660090300     
   2.9568911297607632     
   2.4858200061307230     
   2.8573995474191820     
   2.6287460639005831     
   1.4609341585541542     
   3.1311315143325102     
   3.2287356372364671     
   3.6362646559430982     
   4.8527749691828133     
   2.6951242663827024     
   2.1106532434195140     
   1.9478911865561064     
   2.1817912465791354     
   1.8608768918345202     
   3.6452566085945173     
   1.1792689249016761     
   2.1626090262464150     
   2.1367143070404970     
   1.4794768026195853     
   3.2791159131780452     
   3.2407271103102264     
   3.3138239384694685     
   2.1354704195169183     
   2.0298588155859103     
   2.3360423107581982     
   2.5299358931566518     
   2.2754843246561380     
   1.7912544354057169     
   3.4700323832791162     
   1.0014683653972667     
   1.0541267726363761     
   3.7938688709624868     
   1.8436024638417958     
   3.0249884531725670     
   2.9441017771857059     
  0.89128520935370403     
   1.9406291278356331     
   1.9665249191831813     
   2.2455803838059447     
   4.0580220048962747     
   3.9532504241025497     
   2.3101431865757278     
   1.1893890470537187     
   2.4779452933354040     
   5.2717879221101613     
  0.75975497934677327     
   1.6212472725204339     
   3.3318009218456370     
   2.0166688040775669     
   2.7665826465850976     
   3.4062382880616640     
   1.1584856166036446     
   2.0530270909703878     
   1.9791257741857016     
   3.2149769397946937     
   1.8726490871071817     
   4.4466658589726515     
   4.1594457329164713     
   4.1334341449061736     
   2.1475844091197360     
   4.1434039152210964     
   1.0042813127727206     
   2.0956238418736666     
   1.3883092367245631     
   2.4358643849805297     
   1.7667070760799444     
   1.8113624201195520     
   5.3025142827784721     
   2.6869346890335688     
   2.6968601602782800     
   2.6020561238500637     
   2.6467332803313575     
   2.5670324486035550     
   3.1503182308896633     
   2.5490289551906322     
   2.4510603144124214     
   2.2807367608328408     
   2.7770947680231259     
   5.0810931377671373     
   1.4111970850679203     
   1.2153636936192036     
   2.0467040335574072     
   1.9646961813265085     
   2.1347691924062810     
   2.7749300945291946     
   3.1717108500208511     
   3.1661028778735965     
   2.5045015967802486     
   4.0309752011140851     
   1.1441775653775623     
   1.1003600372942175     
   2.4228446746821173     
   1.1825137355515878     
   3.8302886300225460     
   3.0695012953053205     
   3.0702741964076483     
   3.0352490320227252     
   1.9900370662697611     
   5.1645503243364344     
   5.1712331080778569     
   2.0043888336996423     
   2.2378994891200179     
   2.2095834759407400     
   2.5935608845136753     
   2.5591328276283045     
   1.8946109507295370     
   3.1399681281959770     
   1.3190276501089993     
   1.2222901369149031     
   1.2257010486221396     
   6.8547592237411843     
   3.7571259202882850     
   3.7629894103466435     
   2.1547511303128846     
   1.9229636761705327     
   1.9748785740782944     
   2.5058562782030043     
   2.2638690074432830     
   1.7087353452147072     
   1.9005804079003230     
  0.66064419340957614     
   2.0641571784474566     
   1.9865213841928600     
   3.2031168515385868     
   4.9286181430233302     
   2.1592407564979657     
   1.6618440781979249     
   2.6027830849576858     
   2.8088361232109191     
   3.0635505126112346     
   3.0699759133715285     
   1.8200192823585670     
   1.8459874684666380     
   2.2643314828860510     
   4.5891327419146934     
   6.0503334518660559     
   1.7057412696109042     
   1.7253726057037810     
   3.0308425583792369     
   2.2792232836949649     
   1.8449703912121400     
  0.86317373840389067     
   5.4198100705788086     
   1.2278023949391061     
   1.3634849989647007     
   1.9597697694973450     
   3.7611498329864674     
   3.7456208155191746     
   2.2828730424623211     
   2.7437407025690144     
   2.0776040468966208     
   2.1905903062169720     
   8.8892239673977667     
   2.8337037488384968     
   1.1464349821839321     
   1.5545458159235575     
   3.5607741498660181     
   1.5959147025056686     
   1.5616864304700351     
   3.4136711784878235     
   1.3440744305283967     
   1.2269331622519508     
   2.8309154246036461     
  0.89512218807218236     
   2.1985027502281604     
   1.2618697414711149     
   1.7401348030847090     
   2.5069178034231610     
   6.0186035682481478     
   3.8714747919614689     
   1.8827743337176484     
   1.8253156875489838     
   3.8046997981414568     
   1.9918330469918635     
   1.9783954122491234     
   3.3510697805003256     
   3.4212967718741765     
   2.2370535344557334     
   1.5117551167061898     
   1.5598327425459186     
   1.2792056097642210     
   1.7640251091441272     
   1.4470818955826534     
   2.4027263141522059     
   1.1951623192114655     
   2.1487926455960538     
   3.3037130476930026     
   2.9060069595828892     
   5.4064945593256075     
   2.0136473979214586     
   1.8809615629593983     
   1.9050245061591424     
   5.2363667257984385     
   1.9634155870003493     
   3.5790163615499146     
   4.1979196770492226     
   1.7916641520102774     
   2.0404992172081826     
   1.1258621207906732     
   3.9073743704843151     
   2.3186118823970325     
   1.4307845654553095     
  0.97209878526494786     
   3.3054919812598293     
   1.3830855683639975     
   1.9341306725334939     
   2.5599628583686198     
   1.8508741605899155     
   2.6003645192471820     
   2.5989589849702717     
   2.1076227924984976     
   4.5876720490791758     
  0.98283249944547368     
   2.3087631125316270     
   3.2374996050869522     
   1.2219599895150441     
   4.8557124224182289     
   2.6064253102327921     
   1.3089792145920729     
   3.4323504966332736     
   1.4268760089791994     
   3.3786317182565457     
   1.9189896830864768     
   2.0241611344619126     
   3.3517524934489895     
   3.6827475479793041     
   1.3415730923411144     
   1.7949435510500196     
   1.4074803969251466     
   2.4636729886110142     
   1.7190718077624858     
   1.1739393264639557     
   1.7180230967344547     
   2.3601604472114159     
   2.2800919189557458     
   1.8099505117739332     
   3.1744746418680974     
   2.1581184748558830     
   2.3832630157625148     
   2.5055803362347557     
   3.6245234030339772     
   1.2243285629159049     
   1.6461265768262472     
   1.6175838962715980     
   5.2452371482704372     
   3.3052039915829625     
   3.5685867016871065     
   2.7114139418603860     
   2.3811674155029525     
   2.3362670169593209     
   3.6452640085111470     
   1.8962172596841098     
   5.2765683482532575     
  0.88977253059294892     
   1.9923580991842518     
   3.4574599104272150     
   1.5360356929465526     
   1.5404249700206532     
   2.3065903164671706     
   3.3950940320546099     
   2.6449280715373056     
   2.6341681619547583     
   3.6322732303595595     
   3.6646582035122726     
   1.0151963964059116     
   1.0709010897910418     
   2.4346380415326010     
   1.8107928773091067     
   1.8699113686288626     
   1.0850474384195243     
   1.5925450003283059     
   1.9114784112089351     
   4.8309149543929735     
   4.7511903880057433     
   2.3609834243172410     
   1.5333642394827802     
   3.0818184211176791     
   3.0149306396611935     
   1.6734909689223254     
   1.8670402860732900     
   2.1901771970166419     
   2.2905873809666568     
   2.4859966453504918     
   2.2184179727139113     
   1.9404468057236675     
   1.5866912206319732     
   1.3640004359818272     
   1.9687837520139957     
   1.9584536670678507     
   1.9279907684800472     
   4.0937615442341091     
   1.4629464083584549     
   2.4627826497420493     
   2.2019171319670630     
   1.0433106422907674     
   2.1918733964275900     
   1.4309413453363420     
   1.6925093227113375     
   1.5144675372103995     
   1.7128986398721560     
   1.7860635240016944     
   1.8255991712193269     
   1.5964761957283966     
   2.1560325920094083     
   2.3811872446291633     
   1.9894326792457044     
   1.0355403728054771     
   2.9967278854352419     
   3.7387542445645852     
   1.7650614245430254     
   1.9264717599214047     
   1.4743176241868772     
   1.6094798399257342     
   1.6203894626081119     
   2.2213193961409825     
   2.2485465375096498     
  0.76101105190091189     
   3.0086895835267278     
   3.0133459309461599     
   1.3575906305366792     
   2.7238648946028805     
   2.7466955269234821     
   2.5927923791726508     
   1.7980040910798065     
   1.8865060187657747     
   1.3035269345391063     
   2.0211360081582073     
   1.5757508592966611     
   4.6121920284326352     
   4.6043038648161225     
   3.8058749449007765     
   2.8658852455613024     
   2.8112078063416388     
  0.80662813863054772     
   1.0675833377240020     
   1.7819416592687836     
   2.1564249810207987     
   1.6551572628311124     
   2.3707910291585446     
   5.0895822326792270     
   1.5705579607598343     
   2.0935843218630446     
   2.1586982235195578     
   2.0450754187717264     
   2.3948823574471367     
   2.0140987239185018     
   4.4686325670307578     
   4.4615280215845754     
   2.4623255136475919     
  0.95801367724126907     
   1.4450806081973566     
   1.3495338807359558     
   1.9331391528043245     
   2.0622924423392863     
   1.9671608604996635     
   2.2353087988820866     
   1.4014727521117076     
   3.0179909497272992     
   3.0381546434062940     
   4.0180928199945027     
   6.7559140683476464     
   2.1078370417216918     
   2.4867083295246157     
   2.4523067007126258     
   2.5058376126631328     
   2.2213752596041090     
   2.7978868526465765     
   2.4447079128869986     
   1.6386593805430103     
   2.8835463354996036     
   1.3911990981542885     
   1.5878460201940974     
   1.6462501440439310     
   1.4101611935219325     
   2.1866964628790155     
   2.1630433493281989     
   1.6608126689209366     
   1.0100428770086027     
   2.5294268922263159     
   2.5283378518074446     
   1.5185089052387402     
   1.4378890026379909     
   1.4847194982779222     
   2.6941349359850637     
   3.4810312004925223     
   3.5468846470423863     
   2.7320379517447519     
   2.0596589153779190     
   2.8874450148192436     
   1.4027584594994944     
   5.1676777783798409     
   4.9261873964384142     
   2.3628652648365276     
   3.4019340867586165     
   3.5080228204276502     
   4.7776115452173435     
   1.1578885156536938     
   1.1114396067908434     
   2.2025719059014013     
   1.4321251762726994     
   5.8170790247982715     
   1.3052762050130766     
   3.2116217371685916     
   4.8728567959750633     
   4.8593649692347221     
   3.6313936437909908     
  0.68289856555445771     
   2.6308780685013526     
   1.6429718589204974     
   2.8385554494112850     
   1.5491068996994275     
   1.7077020771259686     
   3.1784970110122077     
   3.2455760274731986     
   1.2631586183270180     
   3.1229924337645447     
   2.0740792205891236     
   2.1573740001268820     
   1.1911784764066495     
  0.56245602622123303     
  0.50780023161897614     
   8.0247657868701570     
