   2.8250027097582766     
   2.9156948749091653     
   1.3027925032826513     
   1.1294323133016848     
   2.1016037938027607     
   1.8240525753745835     
   2.5356578305760400     
   2.5366535126656866     
   2.4293661747450144     
   2.5992288456052290     
   2.0663451108323656     
   2.0159893322496907     
   2.9599888879305420     
   1.6021312597680955     
   2.8415328483704192     
   1.2932424511479526     
   3.0905772036618759     
   3.0078591604855487     
   1.3725882713083657     
   2.2992653667193008     
   1.7517318953987622     
   1.9886829746627959     
   2.0405479294941768     
   2.9698329020636818     
   1.5448147943915687     
   4.1787586123291858     
   4.1931417335014345     
   6.4523324818962324     
   2.2723379269712516     
   1.9953146260512933     
   2.2640359649336612     
   2.1920476694809086     
  0.91312332409023900     
   1.4641911092817927     
   1.8772551149420809     
   2.3767070931255390     
   1.6070479685747885     
   2.7799568508236354     
   2.8424915044221684     
   2.1230369852672104     
   1.9053898818808732     
   3.5869684553847061     
   5.0258285122822528     
   1.0044125281082545     
   2.1970388423213021     
   2.0001974979432875     
   4.7206773412464278     
   1.0434514504620365     
   1.1178174777331225     
   3.4985796535958151     
   1.5947341259135466     
   2.4139647261352408     
   1.4467359987145112     
   1.0001283589784609     
   2.7262179391711241     
   2.6828695959553550     
   2.3076719461614150     
  0.80019930669156414     
   3.4127145770460734     
   3.4535417099592212     
   3.0254100307996858     
   1.6887316322164678     
   3.0390057395226888     
  0.83963894999542876     
   3.4625846879345352     
   4.3442256073382088     
   3.0387693062502468     
   3.7653649739069923     
   1.3084791474291444     
   2.4165449241349899     
   4.4873420979174101     
   1.3943877005230674     
   1.5228718710034370     
   6.0346322960642000     
   6.0640392523522912     
   1.9709642268946341     
   2.5834550678908919     
   2.6200890844294475     
   2.4390391818305686     
  0.92376305356685873     
   1.9399941880132636     
   5.7435394212372470     
   1.6156597483514585     
   2.4389793947232801     
   2.4387739599494198     
   2.5887172142597978     
   2.8155306520033134     
   2.7034985343400781     
   1.9546090857799252     
   1.9320834974312717     
   1.2560423693542218     
   1.1396682538463296     
   1.0623433572667444     
  0.98789566502389969     
   1.2356997361884554     
   1.6246106075173967     
   2.4756692643970539     
   4.1052221792870807     
   1.6338052289721823     
   2.4362205117459217     
   3.5090318016120734     
  0.87447432332450470     
  0.98184773763817557     
   2.6826568276824507     
   2.7499134418956297     
   1.4648119555914778     
   1.4841374004860313     
   3.7842176303953972     
   1.5227998517834647     
  0.83225299807414233     
   1.6054027543545824     
  0.69520545877140327     
   1.3417422806850539     
   2.5427813760370035     
   2.6346207823068268     
   2.6281259033059228     
   1.3474873658891899     
   2.1039608042697440     
  0.89582956077606668     
   3.6711019753703855     
   2.2765132324941018     
   2.7640172103434293     
   1.3428283770591367     
   6.1627123409001081     
   3.0798265928885380     
   1.5277020485083910     
   3.9130340606995624     
   3.5532731840791532     
   2.0058093196829714     
   1.9192704960091935     
   3.7153881727333706     
   2.1414926392645732     
   2.5541761711299245     
   1.8342342272902210     
   2.4513611420251360     
   3.8664747768370247     
   5.5040642438774885     
   2.4246111444682339     
   1.1230705450670795     
   2.3905192692589896     
   1.1003579992886525     
  0.94000768478252583     
   2.5088954715288567     
   4.3268404269842051     
   1.6765662604351799     
   1.7598983172009608     
   3.7792638071273474     
   10.606298101622418     
   1.7424198397017929     
   3.8264248842049167     
   2.9208264583702066     
   1.8295294943716156     
   2.4579953106748018     
   1.9754801774707673     
   2.1178334195111082     
   1.4931173426613811     
   4.7088543407648888     
   2.5802401065515683     
   1.3534130603347003     
   5.1641734960307630     
   6.6073929660124984     
   1.7668733146062177     
   2.1928130170764866     
   3.1733401372691592     
   3.1885957281329751     
   1.7546511893608201     
   2.0938172298916142     
   2.4699046534817874     
   3.4946390112839727     
   2.8012017168969154     
   2.8642116264878372     
   1.1748105402744626     
   2.1407917887343775     
   1.0974165090678050     
   5.1035386617076304     
   4.9883925633966255     
   5.1124257156286692     
   1.2695956026183253     
   1.6028082167800339     
   2.0218730183419167     
   3.1895519615199683     
   3.5410398356114183     
   3.2735256437024520     
   1.5095110447897651     
   1.2269421243500902     
   3.3055030371884522     
   3.3009865244982262     
   1.8522577442370791     
   1.8827797849664925     
   2.2412158489522662     
   3.4881868226578208     
   2.7627344681417463     
   4.2856454384889240     
   2.7950150866612953     
   1.3395609851319525     
   2.8320893616019709     
   1.3826932482491983     
   1.3787482288740727     
   1.5579458291886712     
   7.5471965934455767     
   5.0593647324504216     
   2.7965362968969321     
   2.6606649799418691     
   2.5358255710706943     
   2.9393116067244565     
   2.9899411272389993     
   1.9844658235823955     
   2.2985414849616523     
   2.9292929617247032     
   2.8893406513443680     
   2.4392153017756408     
   1.8325103519359034     
   3.0757565881834323     
   2.9874601093715034     
   3.3671631370520214     
   3.1349054144693542     
   2.4071307792886825     
   1.3407786477759165     
  0.91380294160545639     
   2.2666208153912919     
   2.2839367118872635     
   4.9642909317880974     
   4.5931180290100349     
   4.5218075233491977     
   2.0586896974237341     
   2.9539603327106412     
   3.1933559921913321     
   2.3288717406893156     
   2.8164938028050330     
   1.8817596584232488     
   2.7365874060023039     
   2.4724570586806913     
   1.7618910640162988     
   1.3061313961233560     
   1.1904444419848252     
   3.7761458689488316     
   1.4980147466029181     
   2.0108832440274051     
   1.8839948949523551     
   3.7941017602140557     
   3.1690528180157105     
   3.2445319972720643     
   2.1104161343465608     
   2.1350421060373161     
   2.1402681702638824     
   3.5596733064306947     
   2.3618300719677290     
   3.5653340113330940     
   6.4241814709466469     
   2.8622058431477608     
   5.6230817774996655     
   2.9642031779939213     
   2.8127905797865775     
   2.8808313471268190     
   2.2183168669937925     
   2.1473634443597311     
   2.2048491791798610     
   1.2148317432365172     
   2.7891302507779612     
   3.0162008978309109     
   2.6789642384597601     
   2.9162970274933513     
   6.2951828373726224     
   1.5343577266533419     
   1.5493717274054459     
   3.3372732230175304     
   1.4307769643061217     
   1.9913645154892263     
  0.93497192458233513     
   2.9359296733734785     
   1.4620667894747417     
   1.8510035929297022     
   2.2248146109655722     
   3.2905416133527714     
   2.6581931046635665     
   2.6405437440283319     
   1.8574363194319405     
   1.4587961373420522     
  0.98914103229623707     
   1.5397729784996932     
   2.1647004787569548     
   3.3522210647911481     
   2.0877674702778197     
   1.0265768983919077     
   1.2353807188239052     
   3.4057238662080436     
   5.1129069381475478     
   2.3880794994946957     
   2.2587224253069933     
   2.0353996319268459     
   2.0005658541893134     
   2.1997828809858206     
   1.6119617950975953     
   2.3374607935834733     
   5.6874610478526035     
   1.2823030567155835     
  0.99036135175490125     
  0.89087501682325376     
   2.4905582481498483     
   1.9506906779680668     
   1.9677298241048315     
   2.1317622295387664     
   3.5617207036796183     
   3.3152253752161926     
   3.4654685469732711     
   1.7696575220639261     
   1.9897213634231268     
   1.5322998330175566     
   2.1931364045927606     
   2.3787509023692586     
   1.7578683758287736     
   2.2061585455060975     
   2.2087862025788341     
   1.6415320606579982     
   2.3153888903806572     
   2.1730703386539050     
   3.1394571416357437     
   3.9153904371268036     
   3.1185114095209481     
   1.6050591826093916     
   3.1155691464484856     
   2.9109522953508407     
   3.9014044904935776     
  0.81809382249837392     
   2.2304039967549576     
   1.0574021668966880     
  0.97514732079156419     
   1.1902572629560009     
   2.3763392545919895     
   2.4354983934036949     
   2.4341217954585166     
   3.0436131265884638     
   2.1251133055569968     
   2.2022474376870669     
   1.4024416384085858     
   1.5525834734990183     
   3.7924753522627577     
   3.7264678154283426     
   1.7061403234350552     
   2.4693469945428452     
   2.5030481673315594     
   2.4828846598144581     
  0.96220755388887114     
   2.8123400902727309     
   1.2011475005890151     
   1.2950470866452364     
   1.2848992644875346     
   1.9351662088774817     
   2.2277712902293154     
   1.3513617034564616     
   1.6697855227405605     
   8.2291245757099727     
   2.3494712914526219     
   1.7608732716862705     
   6.2491552092610689     
   2.5034204177043486     
   2.9933627172397301     
   1.8346539138474527     
   2.1507058166500950     
   8.9128817323683585     
   2.6834959648610375     
   2.6787413431325304     
   2.6233309131050904     
   2.1975471483220876     
   2.1591159273190272     
  0.86971971481481225     
   4.8708472768816851     
   1.9681249968646592     
   1.8963663025704518     
   1.3435029818144244     
   5.7403950700278292     
   2.9325253810084799     
   1.9069919569306728     
   2.4565659546209817     
   3.9433313080335219     
   1.6208603359589291     
   1.5898802398231238     
   6.7408093717623441     
  0.87732079842333888     
   1.0217602631029647     
   2.1338347412070755     
   2.1084745265266935     
   1.8634509703174746     
   6.3203303966079272     
   3.2001152814398330     
   3.4643405129267606     
   3.3381808824677064     
   5.0191677658473086     
   2.1743602329173544     
   1.2534271171321560     
   1.1598024600654178     
   4.1341703703989081     
   4.2013893070300572     
   2.1830883965061738     
   1.1623577259741791     
   1.4356983224283149     
   2.9705796911277838     
   3.2865744921798137     
   3.3394075449883864     
   2.4283264223258674     
   2.5655896676350354     
   1.7616082563847049     
  0.72466604873053020     
   1.5054810588860019     
   2.6393079287226406     
   4.3994503061818051     
   1.2049573663694773     
   4.1576030302341875     
   3.5656963857283408     
   3.0033367825404289     
   2.9364389160480044     
   2.2957995986184563     
   2.6624582060522677     
   1.7054998456169776     
   2.9882198857135083     
   5.9758510246711358     
   1.8999418961442205     
   1.9160671968473166     
   1.7469620290938703     
   5.1007214280713136     
   3.6728965186906128     
   2.1443954634757163     
   5.5617830457648125     
   1.9920833851852708     
   2.7467977318123147     
  0.75822386814875109     
   3.4888285685251228     
   3.5203627676889866     
  0.93166611986234127     
   2.8377249105483431     
   1.5864064111450351     
  0.95761524660476360     
   1.9933500895916680     
   1.5735313934627968     
   3.0815169147780535     
   2.1884323948181339     
   1.5904923530186039     
   1.0407812304088091     
   4.0660952307259128     
   1.6356603389021722     
   1.8174219034838499     
   1.7251940550823499     
   1.4953120328092591     
   2.0344405166249899     
   2.0032870558519882     
   1.2597341325205806     
   3.8976025592122419     
   3.8852674812480470     
   2.5670446375645506     
   4.0398219281781245     
   1.1523139021541022     
   1.9441762319936233     
   2.0624482013500351     
   3.1109833698569864     
   1.8780789905968163     
   3.6132047426814515     
   1.9067098332293724     
   2.1868951348871866     
   1.2367243944029869     
   1.2412086848809685     
   2.0475160466330444     
  0.82478697181508798     
   3.5702286016769751     
   2.0625524594345315     
   2.0862725297630766     
   2.4589220049799718     
   2.5888175184923017     
   4.9708970092261326     
   4.0013474202368542     
   2.3489514985635682     
   1.7694827287513897     
   2.6946497036922352     
   3.0099659026067718     
   2.2464063503461205     
   2.8440397674068683     
   2.2979448524506951     
   2.6746315672088596     
   3.0577488170811260     
   2.9988145993887421     
   1.8671829995890197     
   2.7840563747986007     
  0.76966682620746607     
   1.5478639247680495     
   1.5567356487910375     
   2.4695503443174123     
   1.1665840922555095     
   1.8968303714357497     
   2.5688935539505926     
   2.7518733383157516     
   2.4606501538147416     
  0.97685181144053201     
   4.1065670224099788     
   3.7553967141530769     
   3.5428750806838125     
   3.2121043841718522     
   3.2341927936945214     
   7.5091024182793467     
   1.2064401905597424     
   3.1599419262438997     
   3.1828386211924053     
   1.9106411762754185     
   3.2433795459542747     
   1.0119184107346908     
   1.9637401608923177     
   3.8305358824575553     
   6.4808560904151546     
   2.5121840280072845     
   1.9626028365543298     
   1.4836117196787861     
   4.8364328020508580     
   4.4375059899160156     
   1.9702342018941603     
   3.5023501947497580     
   1.9227991597531979     
   2.2433185002802851     
   2.3668244975331025     
   2.2916996555397429     
   4.9042851379315087     
   2.1133580737218991     
   4.0005146700524605     
   3.5230646185808583     
   1.6594934505589651     
   2.3770191879583678     
   4.4617133133663707     
   1.7931958740896421     
   2.6095124439971022     
   3.0038142419691969     
   2.1224743440695604     
   4.1417206838474936     
   2.7395765282240387     
   1.7358676488760487     
   1.6902157482740847     
   3.0022948884221550     
   1.6075619395046008     
   2.1948710964242717     
   2.2206739270069620     
   5.4662941222428358     
   1.5196425216894991     
   1.5208243489825495     
   2.1080510286531617     
   2.1252739732617458     
  0.81843785440688666     
   7.5651465971633138     
   1.6288049695967395     
   3.3172181312748221     
   2.0917267938908646     
   6.2777595831639985     
   4.4440936740603041     
   4.4637319494510894     
   1.1332701375624283     
   1.9928972697595497     
   1.1800243812444897     
   2.6177616715692951     
   1.6751841898294000     
   2.4824184158294895     
   2.3818632756416056     
   1.5681383440724772     
   4.0745845060682298     
   4.0131240781777215     
   2.4076608603073137     
   2.2859553776969950     
   2.0370774471884538     
   1.9657339251843717     
   2.7182617980416697     
   5.5289302646845790     
   1.8533152136334881     
   2.5485127207337572     
   2.3064238174347307     
   3.5442812593484545     
   3.6223220064543868     
   1.5101601191629768     
   1.5817310004726381     
   1.0914276326697827     
   8.2817018889128970     
   2.6696162212269976     
   1.3429667413722748     
   2.4083083404583427     
   2.5519578330788555     
   2.4742653487977035     
   2.6540188565013878     
   6.0632569380429908     
   2.2790231723317413     
   2.2645016028264586     
   2.5374301486661448     
   1.0202896818928069     
   2.0085006594687886     
   1.9923107444522832     
   7.0293368083901671     
   4.5197582559975915     
   4.5373520063491855     
   2.8664921927228462     
   1.1743857426823361     
   2.1349618046502621     
   1.6598829540630111     
   4.7082083201268414     
   1.0164591011659307     
   1.6872841561067746     
   2.4817012531456082     
   1.2725174227759610     
   2.1923263789292826     
   2.1989924094315532     
   6.7512437801349154     
   6.6432509915268900     
   1.5487925817974479     
   2.0889121723052830     
   7.0198040147308607     
   1.4184663387108589     
   1.6786637349030320     
   1.2515777456904842     
   1.5450166666332406     
   1.5855667762324863     
   2.6167899729146034     
   3.0762536430137319     
   9.7540715813462349     
   9.8249235337208649     
   1.4326053940760535     
   2.4018793820696329     
   2.4996444300449783     
   2.3172526500875166     
   2.0124051441079618     
   2.0283419540262910     
   1.9987876178739286     
   1.1659799168319567     
   2.4409551154529217     
   2.6896052452739743     
   3.3379542169256213     
   4.5443818233747413     
   3.9729114897049986     
   3.8373246828472851     
   2.4304047005144969     
   1.2345575526422545     
   1.2429672147887012     
   1.3441787203106315     
   1.8802562790847686     
   2.6936392859360514     
   1.7623211213297911     
  0.99991947625024435     
   1.7445008014275707     
   2.2407883617426925     
   1.4091129575884085     
   2.0508567782398339     
   3.1915908021248383     
   6.3364788108807097     
   2.6582010755746834     
   1.6654258741174848     
   2.2701108899830515     
   2.4175815725221188     
   2.6328665996548342     
   2.4702718631920888     
   2.3929632580712412     
   2.5115687277482053     
   2.5077800362901406     
   2.5804820343267449     
   5.2794400582142140     
   2.3493627935231327     
   2.4564645884224170     
   2.3715754168904044     
   5.1368310636751300     
   1.4063870025080416     
   2.5561082199358460     
   2.4274969087187026     
   2.6087164717317179     
   2.3322087803519640     
   7.2483439716832798     
   2.0302738818471644     
   4.1434474399050174     
  0.90489310222788455     
   4.2068212836078844     
   4.2584687721559762     
   4.6671233927946716     
   4.8771983546293747     
   1.7579388060213188     
   1.5650139504398017     
   1.5999834253052621     
   4.5187680560435917     
   4.4962266252143710     
   2.5895582186702599     
   1.5986872299635797     
  0.89806839482247380     
   2.4260100706265799     
   2.5203632359674089     
   2.8018630159075495     
   2.5327975889589283     
   1.8144757960071656     
   7.2253847745015225     
   5.3605896004511235     
   4.2811124334243766     
   2.3708352038654215     
   3.3571782321344039     
   1.8208827559075891     
   1.7128986398721560     
   2.6163548344889329     
   1.5346892287344855     
   1.8060537703470299     
   1.7793958401900973     
   3.9844738022201258     
   3.2821862731591320     
   10.122837258229607     
   1.8233407003127633     
   2.9368548353918777     
   1.1911047462237356     
   3.2355559758553842     
   1.9805568939294367     
   1.0225092035949923     
   2.8669686512625270     
   2.1280983112541727     
   2.1626470035673080     
   2.7588620173805065     
   2.5927926614446934     
   2.4777988309509511     
   1.5107726328435194     
   1.5058877190852467     
   2.8335381735519611     
   1.1977281372129518     
   2.2381474255520044     
   2.2887032528277191     
   2.7799568508236354     
   2.4280331919296230     
   2.4808243868215256     
   3.1068255777716152     
   2.0711353170068194     
   2.0337987331065275     
   3.1707431811062836     
   1.3397581984715987     
   2.7874653303548182     
   3.0471397930291464     
   3.0523580456186670     
   2.2605568771651967     
   2.2947183353703209     
   1.3598219438796126     
   1.0968740699937845     
   1.2936249645306406     
   2.4216185976006988     
   2.3136949199535075     
   1.3993365274258529     
   2.8952905269634290     
   1.4860463369292511     
   2.7198148943393341     
   2.7957853001645829     
   3.8931374023854390     
   1.4350579418531169     
   2.5912919909477981     
   15.097501469692395     
   1.7987749794175862     
   1.4443901999315230     
   5.5176393133944810     
   7.9850839838285674     
   6.1804305533037720     
   2.3213254532141971     
   2.2445775614466847     
   1.1296807216901468     
   1.9416531488621882     
   1.1464760620176264     
   2.2123658367221526     
   4.3117419730864732     
   4.4121106014043905     
   2.8797697495127110     
   2.6082931876943909     
   2.5307648457831631     
   3.2418363730951851     
   2.4205631436417385     
   2.7410454397356623     
   4.5276679967374305     
   1.5136023726020069     
   1.2755679295283198     
   1.4188950467459300     
   4.0176508734153096     
   3.9547492343883630     
   3.9434959459353358     
   7.9892808059302585     
   5.8678277616274617     
   2.2492179880050891     
   1.0575938021584546     
   1.4921124821845781     
   1.5479136352829619     
   2.4517324397713307     
   1.8776497841623077     
   2.0138872992907526     
   1.9682459557196526     
   1.2021019094841361     
   2.5334037554958657     
   4.0409835752712837     
   1.2854780397652352     
   3.2866449689694246     
   2.6542745229341751     
   1.0717442000353534     
   1.3968239424504727     
   11.136403548064273     
   2.1756500741771769     
   1.6885082738614561     
   2.1787701262529615     
   2.1560837589261106     
   1.8957752464814801     
   1.9655963336459483     
   1.8712001677809145     
   1.9027630628967254     
   1.7830078925440380     
  0.88109010852967629     
   1.3341463105392650     
   1.9406262440601236     
   1.3172047912912923     
   1.0493977094238365     
   3.4242936221790838     
   3.4082588833598049     
   3.4055097903898703     
   1.2667171453806860     
   1.2937753063924751     
   3.5054142233431822     
  0.78086800068675155     
   1.9169368138813081     
   2.5881434767014557     
   3.0113914125042558     
   2.9684839456268324     
   3.0099841479578457     
   2.9281455213522558     
   3.3104131722719115     
   1.6370265220857270     
   1.5212774237134574     
   1.4697948610025682     
   1.2794371756791265     
   2.9264202340383747     
   4.3878069942093498     
   1.5238248346339245     
   1.4094373797732158     
   1.3054601416587883     
   3.0008336823800010     
   2.1724222134351239     
   2.6678496517555121     
   1.7384323161889312     
   1.6621581491387907     
   1.5018025275333202     
   5.2488980291371359     
   3.8726805463380489     
   1.9548414076816629     
   3.6199973936250163     
   3.5756521596542390     
   3.1685213864145556     
   2.5292395981924862     
   2.1426027827088276     
   3.1345309162463528     
   2.4076088898662253     
   2.9753138473392018     
   3.5971902172726589     
   3.4174616927921386     
   2.1199187256960528     
   3.1332709899302178     
  0.80311021329874088     
   4.4269981443744717     
   2.3750253962907713     
   1.3185555361492507     
   3.4404452599244855     
   1.9685735310519499     
   1.7509313146906806     
   2.5307651084038785     
   2.3116592420180688     
   1.9711146927095884     
   2.5202765911513314     
   1.8864004722494030     
   1.5837582386964169     
   1.6021610909423942     
   4.0035780222116069     
   4.1365903463891547     
  0.94559736157142427     
   2.1692016345249514     
   2.4846196979722626     
   2.4647192587575435     
   2.4825986065262802     
   1.9800792168504913     
   4.0722803432965273     
   4.0018723499877158     
   2.7489504004613301     
   1.7663105803238970     
   2.6113039907345650     
   2.3823804651699256     
   7.0695558776757004     
   7.0838319918090829     
   2.8532187450180806     
   2.3918155512733388     
   1.6990961407384666     
   1.9822119943079468     
   2.1752044237211638     
   2.3030618367007381     
   2.4042255900454772     
   6.0324934111623332     
   1.1928172803202817     
   1.6814406089030018     
   2.7969801635562241     
   2.2115489847571843     
   3.7323013252349893     
   1.2615773394869507     
   1.3394033503249092     
   3.7385289227043521     
   1.5505645993973003     
   1.9307421052989320     
   1.2419487827064744     
   2.6139685752571746     
   1.2997776441937625     
   1.4859224674292086     
   2.8159118509713363     
   2.8342446111659649     
   4.4737398591675710     
   4.4413732719046584     
   2.0588952951471029     
   2.0979503120050342     
   4.1016792973816756     
   2.7722526201848106     
   1.6817599665880938     
   2.3381584652335397     
   2.8006172381156293     
   1.5980854132704483     
   1.5811663959236277     
   2.0287475912764523     
   1.7422251134495372     
   3.0290290910895648     
   1.1581986717694097     
   5.2634003804829792     
   3.0026599384466026     
   1.1209310622090367     
   2.9302960145851333     
   1.6389761101725382     
  0.68206544052491536     
   2.4631461680104669     
   1.7968202705168854     
   2.4906582063552145     
   1.1694011288479327     
   3.7598862355885578     
   1.0758815885650730     
   1.0677400783911630     
   1.2780735723749206     
   1.2915265738542347     
   3.2016174611927646     
   1.9972763979574186     
  0.92489297582117280     
   1.9489189770395985     
   1.8266162478161898     
   1.1211993715666324     
  0.59977950819979076     
   3.8356275929780583     
   1.4500853243008796     
   1.4532599150372527     
   1.4708763492154122     
   2.3955028812642971     
   7.1769899261624683     
   2.4239199182909750     
   1.7648764553124570     
   1.3475986751105831     
   2.2090952559147325     
   4.7245671273561696     
   1.9053215196373881     
   1.9126897361379209     
   1.5383654355830521     
   1.3867934992823052     
   1.7689315418119207     
   2.0922505179742115     
   1.5025361570581539     
   3.8452301089674594     
  0.97134686243399360     
   2.7962805335912524     
   2.4915522189148085     
   1.4179804319692879     
   1.4401019870443481     
   2.1942740859745049     
   2.2941209200190711     
   1.5623855029317537     
   2.3966676455777649     
   1.4905961150827123     
   1.4707586868047573     
   12.770033434947072     
   3.2531249981074426     
   1.2160150514855321     
   2.0927964811802582     
   2.4482313552454404     
   2.7288300019656404     
   4.4096036567866914     
   1.9563410204666154     
   1.6891896408385569     
   1.7761972532804806     
   1.7893257143415884     
   2.0468795404365427     
   2.0294523955487578     
   1.4613157309918738     
   1.4814558393654507     
   2.5216956693060197     
   1.8035452842715827     
   2.4186706927140289     
   4.3231658852581516     
   2.6499635128307868     
   1.3629144804621487     
   4.7318893357036167     
   4.6332007372974982     
   4.5065831423206975     
   1.5173380113727144     
   1.0417530220511579     
   4.6516648389308983     
   4.6322898371178942     
   2.2184258512323747     
   3.0524055870566587     
   2.2457487397737292     
   2.5076990128708130     
   1.0569204156929732     
   2.0230914295211107     
   2.6150124556173671     
   2.2598126214635252     
   2.1993083208935316     
   4.1886963003703190     
   2.0173234579231649     
   3.6193015637698625     
  0.64705400568805782     
   1.7948732847106235     
   3.7120687439735209     
   1.3440721535190592     
  0.73462991055277094     
  0.71794558327258451     
   5.1270613472450615     
   2.1821153159266760     
   1.8436001837349469     
   3.7569426978167484     
   4.2636188193094231     
   4.2935792402190343     
   1.4649732174937287     
   3.4063845588113804     
   1.5221268227743163     
   3.4235484925919826     
   3.6815472765308335     
   2.9388119765133327     
   2.3507315720827404     
   2.3510930497722620     
   4.0661875465812294     
   3.6472901614162927     
   2.2693571047187411     
   3.0448031377063942     
   2.5327397156244422     
   2.2561867748258631     
   1.6359946715847025     
   1.8815877483593801     
   2.7235198230791040     
   2.6832383248992349     
   1.7246498035499831     
   1.6208541123213231     
   2.8319366992289923     
   2.2625028242021488     
   4.2115927703486795     
   2.1770481372529327     
   2.0290319419582641     
   2.0893978491263367     
   1.0829821708956247     
   1.8102569227840370     
   3.1608966486929697     
   2.8716235459874651     
   2.2294857340820116     
   2.6654003303801570     
   2.1599718323413155     
   2.1701726745933700     
   1.6495993376239255     
   1.6741221457892774     
   1.6985887120976511     
   1.3811191079639034     
   1.2285048405728223     
  0.93212442896154402     
   2.0109166867969348     
   3.1084528722400804     
   2.6783472790251008     
   2.1518415043299548     
   2.1165590143220507     
   2.1942921015701415     
   2.4627826497420493     
   1.2458397735641431     
   3.4735703292268187     
   3.5424466103428860     
   1.4656322268103894     
   2.4390413036976932     
   1.5326725819991540     
   6.5753739163745282     
   4.3006649447433363     
   2.6378226639736830     
   1.5504088390977773     
   7.3070679280239856     
   3.1066531206602139     
   1.6870417592784908     
  0.72932554140600925     
   2.8141459039183521     
   1.0634189508044416     
  0.99968914105884021     
  0.78942157615842046     
  0.81431625523433115     
   2.7548379297082568     
   3.2279295958799437     
   1.6182696778567693     
   2.0857803550687328     
   2.0642540509290219     
   2.5459815199794771     
   3.6930600005086762     
   1.5978089231170594     
   1.4778994830401586     
   3.6794380436577878     
   1.2846835150046383     
   1.2587182691918510     
   1.7768477222548087     
   4.3187751949085955     
   4.2177270430833484     
   2.0273386458806040     
   1.2888117328873416     
   1.9034091906697803     
   1.3167577408284163     
   3.6479716824090080     
   2.1539065613066364     
   2.1875153857114880     
   3.1858783376470217     
   3.1923383224809911     
   2.9345815055810207     
   2.8841138270441116     
   1.8740890376268897     
   2.9776420631363862     
   1.1633464952931332     
   1.6747207029415196     
   2.9989100197958098     
   2.7403261606339036     
   1.5798130518039426     
   2.3225957241930786     
   1.4950343288056249     
   3.8830592008336682     
   3.8944285671562704     
   2.5617960559182609     
   1.5696727977089220     
   2.0075578941424288     
   2.8289839110826920     
   2.8070392586188362     
   2.8095550620608378     
   2.1042752681304036     
   2.3140328219513537     
   1.3083104900759126     
   1.2214452207530009     
   3.7617425813611445     
   3.7960268045434740     
   3.1949249467359317     
   1.7412267776150177     
   1.2613147943452119     
   2.2466327157214576     
   2.8613497155678673     
   2.4302446001888534     
   2.6777270163958935     
   1.6195183351346301     
   2.7403628770950688     
   1.3028442526138402     
   7.2881147820661543     
   1.8231988023914809     
   5.4749277904137434     
   3.3358017422384698     
   1.9228968168598335     
   3.1703455374159839     
   3.2342870919753088     
  0.90601158843007323     
   1.4211561040843594     
   1.6937324549434596     
   1.7000016719674709     
   3.5168180632259105     
   2.2907583690367539     
   1.5032110424695169     
   3.0613363350203118     
   1.3631705273708770     
   3.7889480765963235     
   2.5895405019390956     
   1.0890858034492339     
   4.8946276970794802     
   4.8958382468675223     
   1.0978787469052209     
   1.4946605577876171     
   1.7498326700302342     
   2.6434623048655386     
   1.7306190267436561     
   1.9774048819019034     
   1.1937633475512248     
   3.5584960569856761     
   1.8664649112943488     
   4.4823432740936715     
   1.5002401998207850     
   2.7115752929684183     
   3.1794391576794552     
   2.0579608722072211     
   2.5288629707918751     
   4.1585529699493007     
   7.7453640431354529     
   3.8050318350931160     
   2.1259726375190726     
   2.3904701720132642     
   2.3095811204406473     
   2.3416373169697029     
   1.7057129598940122     
   1.7807593005084843     
   1.7986125292001154     
   2.6178366432683462     
   1.3704170902011550     
   4.7324196652283357     
   1.2503958241665820     
   3.1520857958924329     
   2.2604443945674753     
   2.2072733527723485     
   2.1923231262827612     
   1.1228685016950986     
   2.9210109260313448     
   2.9092566485129070     
   1.3069554866341617     
   1.6498690967638963     
   4.0444077704767611     
   4.0897444693122722     
   2.5384534908607002     
   4.7925137825137174     
   2.3664183945638246     
   2.3850630436934810     
   2.5525409812442694     
   1.5746837681836674     
   3.4132627732962093     
   5.1129015603875185     
   1.8413658444327521     
   1.8106365216195153     
   2.6288396112806396     
   2.2154304587178140     
   2.1502700154954644     
   2.1672508949141194     
   1.7050984256372819     
   1.7490450458217461     
   3.2754675050254076     
   2.4198529368674824     
   2.2500336032411763     
   2.2882356268470785     
   1.3582105032308296     
   3.1618907145731674     
   3.0833916728938382     
   1.1857964542405814     
   3.2168057813860944     
   2.9030808215682096     
   3.0840149701536119     
   3.3530458404364500     
   3.3527127899837486     
   2.4039399311087188     
   2.0819226027299891     
   1.4137235846217568     
   2.9653928316203344     
   2.0878138254052381     
   1.5032243161965242     
   1.0452369772365278     
   1.0170608069208451     
   1.9350911302241625     
  0.85847376214821347     
   1.6186794854757021     
   1.9268935732731127     
   4.2464936614883726     
  0.96353824711624536     
   2.5137000855210729     
   1.4521211943674701     
   2.9312128268733315     
   2.2910232846505685     
   2.2509182447520955     
   2.2377924435843011     
   2.2595035232665706     
   1.5314760592185770     
   2.3853879854381526     
   1.1778290234133895     
   1.4255676767752801     
   1.3718876614313333     
   2.0820349413982604     
   2.8138342871953546     
   1.2742667392109666     
   4.2683567329043886     
   1.0098299495363980     
   2.2963546216954720     
   3.5152098847196127     
   2.6056887114977068     
   1.5004909627695604     
   3.0265406409108819     
   1.4108442681245827     
   1.7939375226008336     
   1.1710649637174793     
   1.1153744854888046     
   5.1819993303359464     
   2.1884323948181339     
   1.6764365292667853     
   2.3683361248549089     
   2.4052338455419435     
   3.4795561162243347     
   3.2083451651747903     
   1.9153025435769095     
   4.3951615315164680     
   2.1926094844592372     
   1.2348376474679572     
   1.3470242616174657     
   2.3288072808564082     
   1.4448506320269296     
   1.4359559583805335     
   3.1294947323126956     
   4.4123677600698530     
   2.3528971821996971     
   2.6063519090172766     
   2.2611934278669423     
   2.3126479632978145     
   5.4792904658521504     
   2.2289255606122738     
   3.7273635355733394     
   3.6699205087707854     
   1.9711170906417954     
   2.2592867815337878     
   2.2533701837078302     
   1.0933749049843913     
   2.0127369382590139     
   2.0006876345033797     
   2.6231166508769674     
   1.7849952931674595     
   2.8765664968321492     
   2.7480249838417370     
   2.7784808236732972     
   2.1914638958741897     
   2.2122524984090526     
   1.8604418247128343     
   2.0495465413128588     
   3.3730403348292612     
   5.6058558176618520     
  0.83125590133981175     
   2.5822831731307487     
   1.2503505025041026     
   1.2728591263595137     
   1.5326272663406526     
   1.6497753050375175     
   1.9689572695145219     
   1.8695963648195186     
   1.6260407259708036     
   1.2803593890825973     
   1.7358840265356059     
   2.0880328782782840     
   2.6591987244398987     
   3.9873944388547060     
   3.2687474448232665     
   3.2129196607056243     
   1.5766999866711033     
   1.5733713183225124     
   1.5713022141479414     
   1.1505430360124576     
   1.1757206337174595     
   2.7517602369840422     
   2.4302283790355848     
   2.1399966479155412     
   1.6251665415539576     
   1.6853280865557958     
   1.6328090626551484     
   1.5581127160619630     
   1.8411656624134611     
   3.9748453073153600     
   1.0688648864775385     
   6.5862358846411846     
   2.4347115580908585     
   2.3969270796183109     
   1.3123477842207116     
   1.3716608313152039     
   2.7263532054142368     
   2.0313464878040621     
   6.4997887046277798     
   4.2022987702185244     
   1.6770705508201800     
   1.3546050364398388     
   1.9724626799056206     
   1.8392951803766826     
   1.8888407747399676     
   8.2388309143329863     
   1.8783924858417855     
   1.4598017454720345     
   1.2860499414849909     
   1.0265207643420220     
   2.2160350959656330     
   2.8529633913588253     
   1.3091006634384199     
   2.5292790779171415     
   2.5649960258341871     
   2.6263991790888355     
  0.77232096771870973     
   1.4598672255293126     
   1.5463955116989112     
   1.2594989290246204     
   2.7772143814201988     
   2.1343182032493178     
   3.5603845372893734     
   9.8241298589400845     
   2.5276249704659093     
   2.4667826719666284     
   2.4106676313244195     
   2.4136262048658512     
   3.1556579703996954     
   3.1339797860955922     
   2.4350010899775683     
   5.7538443395168963     
   2.5927920969006988     
   2.7439953416669032     
   2.7319615444691574     
   2.3291919985258631     
   1.0431409663436406     
   2.1587573358151726     
   2.9177089319506249     
   1.3551257928541591     
   1.3327722207901911     
   1.3006857548033735     
   7.5315988804493763     
   1.8045431074820222     
   2.8202112448621133     
  0.80695619247855765     
   1.7137112545730413     
   2.8425011544223411     
   2.7636670986054512     
   1.7491483993516737     
   1.6468890552072977     
   2.6144752098951010     
   3.6154992360415630     
   1.3207947029228548     
   1.2330104213607194     
   2.0821471034351058     
   2.0603824912317124     
   2.5954003782266239     
   3.8247410132898150     
   3.0155333343920434     
   1.5554215580066817     
   1.5133306906458310     
   1.7660378205725233     
   1.1817182494470859     
   1.8068038877387249     
   5.2630826568642908     
   1.6098259483017248     
   1.7203246930187746     
   2.8746453119198501     
   1.3759044384848071     
   1.7864044170793116     
   1.9069919569306728     
   2.2693799509480010     
   2.2432622218451264     
   1.2333355092611662     
   4.7493194346119045     
   2.6868542592736104     
   3.9461113834091224     
   1.7801276246750561     
   1.7246302714397299     
   2.6458724123240192     
   2.1172552839779377     
   2.1204377320864518     
   1.4457787988547848     
   5.1554711365225900     
   5.1654630746074224     
   2.4254602567295160     
   1.7838077562937817     
   2.3661746954053915     
   2.4321338924905831     
   2.4817172677472423     
   2.4692571367909117     
   1.2899116359468423     
   1.6284056296632301     
   1.2002261588265819     
   1.2357345298952527     
   1.1270316054909819     
   2.7005547665564622     
   2.5750818223317653     
   5.8144101088166220     
   2.7230162370872524     
   2.2537942391813437     
   1.7671395412257200     
  0.79059344613964300     
   6.3785369467650170     
   2.8800375592841978     
   2.4274128393251080     
   3.4593199467969575     
   2.4705762371399045     
   1.8169422039126175     
   1.7859941098444165     
   2.1635497569698598     
   2.1455747523135154     
   5.1297561957409901     
   5.0002388238919435     
   4.3114991589147058     
   1.6188526808544323     
   1.6754949346370227     
   1.0088008805605782     
   2.8413717454200684     
   2.7731065507747763     
   3.0614293129268559     
   1.4850229226661784     
   1.5018333858209028     
   1.2083517557330867     
   2.7115404116633139     
   1.7991482453998315     
   2.1360715725574870     
   4.4834606928571157     
   2.4022440932675950     
   2.0568775224083082     
   1.7000476027023523     
  0.84936276535899191     
   1.0155973164432954     
   1.1660923345409364     
   2.7073188377823070     
   1.8355048650189973     
   1.6440461625183374     
   3.7878852921421484     
   3.7786356390964619     
   2.1421042252558595     
   3.8080120999084204     
   2.8995831147489635     
  0.83029522737938999     
   3.6283408800989130     
   3.6897111621680114     
   3.6485260486642201     
   2.6400504608284261     
   1.5684130922255217     
   1.8377611587012332     
  0.86433092925706911     
   1.6036399577920246     
   1.7342217886346791     
   2.7512058427663946     
   3.8987372142201782     
   3.4854783387085981     
   2.6804975402972477     
   1.3620669314091525     
  0.98054735873631171     
   2.9303955183262769     
   1.9143911383911507     
   1.8523952283597134     
   1.9236589111298095     
   1.0019389551793385     
   1.4288310319693622     
   2.9837824827146919     
   2.9431305211761503     
   3.8594053880718797     
   3.8820872843170027     
   1.0265261728415280     
   1.1857901520862575     
   2.6946522390945882     
  0.88790486002802393     
   2.6925952294568005     
   2.1349598927409184     
   1.4559705011035027     
   3.0387719599969967     
   2.2595994630153022     
   2.2375577985844064     
   8.7736312668470386     
   2.7588177705591117     
   2.2254167975312940     
   2.1134724496433246     
   2.0411678232883785     
   1.9602156641648107     
  0.84718609862490257     
   2.3822103729352526     
   1.8445951255037116     
   2.8857898538532014     
   2.0675951796511520     
   2.1985500210564366     
   1.6727103017714227     
   2.3754388808727143     
   2.9737715846674080     
   3.4937198031701837     
   5.1279472911705088     
   2.3726949414374436     
   1.9993947737430138     
   1.0876951051241555     
   1.5461415566716807     
   1.3478263306926253     
   1.2434632116635405     
   1.8184723578338837     
   1.7903676361011491     
   1.8768246902353276     
   2.6710779408503478     
   1.2572037536511804     
   2.1698765940858529     
   2.1262996617393664     
   1.0308966437072531     
   1.6738529767598727     
   2.1331145100772928     
   7.0903750766395195     
   2.9792519044155656     
   1.3183014994438405     
   3.0879637439818257     
   2.2951226267213518     
   3.4477974940543992     
   2.0842180182112777     
   4.7939301503191452     
   11.596586936084337     
   1.6300636296102793     
   2.2666633290537428     
   1.4339106546491909     
   1.8800040682643930     
   1.4096577406110855     
   1.7287170982705058     
   2.2903757185357603     
   1.5160589707266960     
   1.3095464765640634     
   1.3616659672978428     
   1.8862137251408577     
   1.9135094731083182     
   6.5717769949302660     
   4.4309941869351883     
   11.474484346371968     
   4.4107825761402877     
   1.4904278456526832     
   2.8163114770193500     
   2.2870641569611645     
   1.5595538553199735     
   2.5331689238821897     
   2.5048543159358068     
   2.4831164731057216     
   10.546220477534494     
   10.537356372615875     
   2.1650193567706166     
   1.3734839976172506     
   1.8103941339039173     
   2.2407883617426925     
   1.4750471698966974     
   3.8013158364517019     
   1.1199804570273986     
   2.0618087500320343     
   1.9682681121610603     
   3.0779194332720712     
   4.0564875279968957     
   4.0990010715515952     
   4.0010842765360835     
   1.1770990508778960     
   2.5457438810049471     
   3.7633679382033089     
   2.8436633790150885     
   2.9366934067642068     
   3.0127422639650905     
   2.4712551125056836     
   2.4139041153367593     
   2.8179417277013741     
   1.3791494395383166     
   2.4386869721457445     
   3.1283702224962449     
   2.2313924636148896     
   1.6033651117884589     
   1.9634412897332503     
   1.1209418376881366     
   2.3559863213339018     
   1.8557229755402305     
   1.6317999756973272     
   3.1133231873966913     
   2.2597040529615899     
   2.4270034829350493     
   2.4506737411343122     
   1.3328995678176099     
   3.6890782018183259     
   4.4033536007978293     
   1.5618485510379823     
   1.0437560550234550     
   1.6918715621505089     
   1.6515793600082935     
   2.2821856241548075     
   2.8614701902878568     
   2.0933405426356142     
   2.0553732572623669     
   2.4445829426184145     
   3.4648167096849267     
   6.9205444487542813     
   1.3599126073538570     
   2.7113782188911388     
   1.3611564872793662     
   1.2950293375569299     
   1.2456543329011538     
   1.6913585078199800     
   2.7303906609645923     
   2.9225850022189981     
   2.9246915716389794     
   1.4927866982679128     
   1.5526760163184090     
   3.9274956530542817     
   2.8835482837149944     
   1.5896265456229417     
   2.4974215852724262     
   1.8420802791262845     
   3.1486542393290442     
   2.4331659093882898     
   1.2807015766015635     
  0.73135775040517748     
   1.6886450392268000     
   1.3198311534636182     
   2.4239276602870965     
   2.3859353779121912     
   1.2666121716779482     
   1.0483741614946596     
   2.3430780241554388     
   2.3676437060137947     
   1.1507622053061288     
   1.1947115688604073     
   3.0547352398941410     
   1.6427906559610181     
   4.8448694248749602     
   1.2401671581434719     
   4.1105404376724364     
   3.9769893204553650     
   1.4945260328369299     
   2.0553328488131748     
   2.7744961139553572     
   2.6844262546930153     
   1.5260960923424109     
   2.0349071584673797     
   2.7920338762138472     
   3.5753034273207742     
   1.4061254961699712     
   1.4517560582612148     
   2.0692772409942970     
   2.3266738473090851     
   5.1661497544495862     
   1.9135276363694660     
   5.6074364799734928     
   3.3501138386944613     
   1.1866188528253199     
   5.3535221442689025     
   6.2536092596478925     
   1.3237178919976489     
   4.4234842681757920     
   2.7329182835853998     
   3.0707794550549270     
   3.1211233832299365     
   2.3465562652370933     
   2.4919147873958973     
   3.6909699735364798     
   3.6582535238912817     
   1.5949776364032098     
   1.6642407481534867     
   1.6314266587041384     
   3.4510524590057727     
   2.0699410504138260     
   1.9997545846599012     
   1.9711759983064912     
   5.6981930579008813     
   2.0429489080189285     
   2.8312188891687091     
   2.4211101622981124     
   3.3853253926329732     
   3.3397741316442984     
  0.91857904371878918     
   3.5313561858549769     
   1.2308631936029844     
   5.9377207032764492     
   2.6870877141482241     
   3.2019765698504075     
   1.5882184552565217     
   1.6664876270878251     
   1.5849334943797466     
   1.0009290023772646     
   2.6325689462982287     
   2.6432969914585529     
   1.4498096452720270     
   2.5434572514747074     
   2.0887805728101676     
   2.7273499432760735     
   4.0029375423896445     
   2.1092869299471029     
   2.0585810994151190     
   5.3551706398442285     
   4.0024616296541664     
   2.2953558910876222     
   2.9411035914250676     
   2.8991707575187804     
   2.2520393101324747     
   1.6120231185760356     
   1.3308774007089013     
   1.2659520437350211     
   2.7450551497000752     
   2.6902247039278646     
   4.2499346281796591     
   3.8074655558043156     
   2.3050732224830712     
   2.3758066094507804     
   1.7440866510493680     
   1.8402394318794046     
   3.2010020024759092     
   3.9544039129723689     
   3.6020049367596152     
   2.0183421537908299     
   2.0715832441338047     
   3.8086530792644422     
   2.7598390602192895     
  0.95744001757501895     
  0.84484990264649040     
   5.9089150111776529     
   1.1133576008292945     
   3.0745906757267125     
  0.92717360141433391     
   1.2592745723953334     
   1.7983647737923998     
   4.5449904684959419     
   3.0186652406553249     
   2.4654922400777859     
   2.5196844507011193     
   3.5968850216884847     
   2.0172294958545081     
   2.3230224453556625     
   1.8582819668782251     
   1.7848301348967484     
   2.0544095651649741     
   2.2576340385702651     
   2.2875119806091098     
   1.7325414598256257     
   1.3383722156921742     
   2.7518814444710857     
   1.2900329486563022     
   6.8547764490230954     
   2.2378169008961835     
   1.4612400525678810     
   2.6884226927874821     
   1.2265389435197802     
   2.4626515084974341     
   2.4745720996363274     
   2.6677736996523587     
   1.9760167461791518     
   1.9856482741289776     
   3.1925487351122674     
   1.9470332047837620     
   1.5101580065016735     
   2.5358393087612079     
   1.5084309878287296     
   1.3779321518951311     
   3.1100823568752780     
   1.1234787627440510     
   2.3736688096448613     
   1.6178755189297398     
   1.1592662058106888     
   2.0240069822408620     
   2.1453892307208537     
   1.9892980546123136     
   3.8671735308403887     
   1.9004334484202352     
   5.5777492593021423     
   5.5621975943989721     
   2.3003496714923144     
   2.0916072513915780     
   1.7667241964576694     
   2.9679154417798106     
   2.5294747799366126     
   2.4851968221788878     
   2.0031784206826244     
   1.5882527010491947     
  0.94031204234037258     
   3.2865275898223061     
   3.3180073488008071     
   4.1746614919308724     
   8.3022682541849147     
   8.3410824129180146     
   1.6967917666196313     
   1.1522102793776610     
   2.4635353935548960     
   1.5583174345052566     
   2.6259618718290145     
   4.0812311831397281     
   3.1209995794238745     
   3.7685710368231642     
   3.7264998774274272     
   3.7202884128027121     
   3.7305426222996592     
   3.8082413229179037     
   3.7811449408305546     
   1.5088921010806720     
   1.6214962748793389     
   1.7120355341870541     
   1.6268180052542691     
   3.6682713597968508     
   2.5540172073598355     
   1.9307421052989320     
   3.2947689637937247     
   3.2663473083675512     
   3.3458214667016235     
   9.7253936709722542     
   2.5813491160895068     
   2.6658595224538533     
   1.5416442784822038     
   2.9239860214426989     
   7.0571268803864360     
   2.2500816569744946     
   1.3620454715475814     
   2.2800257421059942     
   1.4947003480988683     
   1.7444502277196701     
   4.3762483471316980     
   2.4447187583097043     
   3.0014321038253451     
   2.3948823574471367     
   2.7809128770521454     
   2.4188559211766605     
   1.3592012288625637     
   2.6823939524874976     
   2.7915022122984476     
   1.6898410115672777     
   1.0308571475154273     
   1.9090499259086919     
   2.1315009206133873     
   1.7973839147336113     
   1.6916011304062586     
   1.7568336221072736     
   2.4770444202812398     
   2.3644840508341591     
   2.3975571307385422     
   3.1603580344222353     
   2.4469922833865456     
   1.9618554510682991     
   4.3502412944590096     
   2.2874749243195058     
   3.4488828029686949     
   3.5200547529192514     
   2.8662630435121850     
   1.1419367332145576     
   1.3032105514803365     
   1.5382789933114482     
   2.1619667084823293     
   3.5571387740711859     
   2.1587621439090952     
   3.2452070328476101     
   3.6879358335512187     
   1.7312335970580728     
   1.6900794247729525     
   2.5089597158410659     
   2.4606487293155199     
   3.2308155476744100     
   2.1218321700022247     
   2.2338073663260132     
   2.3233607353689698     
   2.9225809920432582     
   2.7210579136203075     
   1.8888692182970859     
   2.7931796735680194     
  0.90750500141727009     
   1.1624353383090900     
   1.1403439865759883     
   1.3690542314169964     
   1.3664918912229880     
   1.6633394867200306     
   2.0487042761456618     
   1.6138004939758741     
   3.6572234968251673     
   2.2648091124161289     
   3.9122012919317144     
   1.1818025209588503     
  0.81816046504437812     
   10.072933965120381     
   2.3770115645129777     
   2.0166686918397176     
   3.7232425451960731     
   1.2373137310178948     
   2.2252838149305050     
   5.6253573435959243     
   5.6456555196851843     
   1.7284122818754402     
   1.6802042559556036     
   2.6560334494044948     
   2.6102373987932661     
   2.5849864070432313     
   2.0347990589935199     
   2.0416627834074217     
   2.8307151336342895     
   1.0858991699176750     
   1.4523554170610307     
   2.2963060877230248     
   4.4247374549937346     
   1.6539699715058389     
   1.7636968584435604     
   1.7277324831983265     
   1.4803597959169510     
   1.1516101212398422     
   2.2631669299451969     
   5.6376154400609524     
   1.3700824452766638     
   4.7268420837583536     
   2.8192268468166723     
   1.8815230962117471     
   2.2294771658970687     
   3.9619033192062303     
   2.6072110334277587     
