   2.8459134002470021     
   6.4220461017493413     
   1.0805358908743672     
   2.6600848231386656     
   2.6588053738169641     
   2.4030695173248700     
   2.2995367492310703     
   2.2644649094454397     
  0.87509887781705997     
   1.3004835012183444     
   4.7327839400479661     
   3.9922663849333837     
   2.4450541720473860     
  0.60966762749213532     
  0.95697807625882303     
   1.4593686551848255     
   2.0287445273186222     
   1.0900974914752284     
   1.8518241785200769     
   1.2685068456025805     
   1.3273917768101979     
   1.3443758003153903     
   1.4610973796069855     
   3.0095968718507251     
   2.7980436920249017     
   1.3310590867052021     
   2.2974832879564739     
   4.8939723961308879     
   1.9938168964169172     
   3.8746369384060428     
   3.8394601011022784     
  0.82355315803133422     
   3.5185501589004038     
   3.0474362245614710     
   1.8307443494048723     
   7.7469826431048805     
   4.4617215127467578     
   3.3415656497684454     
   3.2994521719274159     
   7.3362790817965449     
   4.6763731538983224     
  0.86965571918338413     
   1.3154542949827053     
   2.8540685566206756     
   2.9967265686176758     
   1.2245805956978166     
   1.2733404626882046     
   1.3188874061819182     
   1.8330947904400605     
   4.0047090000215828     
   2.6478404932650421     
   1.8670028826734701     
  0.87769592577711053     
   1.6019404525344525     
   1.5690666635431507     
   3.5385874371967372     
   2.2759493034406613     
   2.5438409106357809     
   2.5379390180301624     
   2.6048038978466539     
   2.5849387405829578     
   1.3851110756316845     
   2.3757778765375961     
   2.6889364614623852     
   1.7646535200727826     
   1.6754795292063120     
   2.9702572492971080     
   1.8324523892087063     
   1.8071062089424514     
   2.2538620247175825     
   4.4554564571182151     
   1.8119427936428860     
   1.7139780480858775     
   5.7368830953775030     
   1.2736142997308881     
  0.75417541732871862     
   2.5443061182387439     
  0.91653433610131740     
   2.7218485064102991     
   1.5588212441661260     
   2.0242904070671681     
   3.6383314430867690     
   1.4942166092689286     
   1.8193926793447368     
   2.2408565172058039     
   1.5589468363423189     
   3.2388075802828098     
   2.0302861447617699     
   1.8815931227263174     
   1.8893156501795989     
   2.8345824410369027     
   3.2111648900095200     
   1.5202362320618681     
   1.3637814585471397     
   1.8934152616861626     
   1.5656291945134717     
   1.8067531076396852     
   2.9616379809256084     
   2.9144143588513440     
   3.9182639031929676     
  0.71924972614618488     
  0.99844594697090139     
   4.3561883092336497     
   3.3813440531212864     
   4.0251330952378979     
   6.4047424531227870     
   6.2986879110118554     
   1.0670987132910705     
   3.2402704846186836     
   4.9328915716816528     
   5.0240517218561767     
   3.4813259498243241     
   2.5036653366434329     
   2.6422098373312850     
   1.3187151160675583     
   2.0429585772789407     
   2.1947107535617869     
   2.1459209032120281     
   2.2397404374581678     
   3.8739347752634861     
   1.3568228037408823     
   4.3283029904027099     
   1.9564300970196276     
  0.89013521159118181     
   1.2707349841527404     
   1.4212777630874296     
   2.7680396361563693     
   4.1148770248580275     
   2.3660474525641719     
   2.3928424957269718     
   2.5686903932429579     
   10.243994649055233     
   1.0457677265137297     
   7.9080884262847970     
   2.0658489492413405     
   1.9684986610249158     
   1.9290872505802090     
   4.4733521136552090     
   7.4712107453373164     
   1.5521605422270606     
   6.0301031458238556     
   1.6490736359203064     
   1.6221370636777837     
   1.6066624737592132     
   1.1557138708801482     
   1.8592976978881599     
   4.2568567050309101     
   2.8796641991755103     
   2.8690725674762221     
   4.3955503880769058     
   1.9173905807091716     
   1.5383279146852840     
   2.3922691704591128     
   2.7059508280278357     
   3.2019441411691187     
   6.8944382232066186     
   2.2838097764077463     
   2.7029139386441066     
   1.6953816253074243     
   1.5011395961382428     
   1.4371923554418888     
   1.4712526222564628     
   2.0420728161375403     
  0.93644355847126692     
   3.3146543067676708     
   1.8928719380762011     
   3.2816292135470739     
   1.9349835410333096     
   1.9771080078615850     
   2.0835918687466366     
   2.3877886625397191     
   2.7688125366601732     
   1.7149039601689311     
   1.9862759580016585     
   3.4550029326371581     
   3.2521472085950123     
   3.9909019413272087     
   1.9941071809652804     
   2.6113775220126421     
   2.2664984231216319     
  0.89681076214393673     
  0.97313749099397240     
   1.7168093354610454     
   1.4727417096046866     
   1.4613268178678400     
   2.2875287882937476     
   2.8769993253477657     
   2.3826593335011896     
   5.1162748631199415     
  0.71365965781136664     
   2.2302404941148177     
   1.5323476688819782     
   1.9264954936069743     
   1.0886809836009874     
   1.9637963527715174     
  0.62697339971627475     
   1.5166076360672718     
   2.2933429716674723     
   2.4464626201113857     
   2.9198904849624387     
   3.0248477050945732     
   2.3338871372547088     
   5.2074992133792364     
   2.1661508620641881     
   2.8935858900182989     
   2.9978241019232876     
   3.5976713253861510     
   2.8668752538715641     
   1.0340884207282206     
   1.4427496911877138     
   2.0463759014354297     
   6.8259081237203976     
   1.8181565593876834     
   3.0181614618361579     
   2.1889164123330960     
   3.3738919512201280     
   3.4367410217788219     
   1.8400469194118296     
   1.0540671253749918     
   1.0557971991163670     
   2.5211836866787682     
   6.4387238409093168     
   3.0624404894254691     
   1.5846633438893416     
   1.8003117690019137     
   2.1112863653595393     
   1.7623200188186541     
   1.5569255192204130     
   1.3022530021762444     
   1.4086156090840325     
   5.9763571760217316     
   5.8321315539296128     
   1.5027229212964193     
   1.5967384336861206     
   2.1121031358301132     
   1.8243924711841335     
   1.9739583972135379     
   2.4656456164890552     
   2.3585753094826920     
   3.3913315234891250     
   3.3377396422411301     
   3.0221000488441985     
   1.6446646566798251     
   1.9957702847652177     
   3.0953610333763875     
   3.0056713538720299     
   3.1338964611933591     
   1.5485219832396551     
   1.2622259911136189     
   1.1114121309078704     
   1.1431141490730390     
   1.9091177200630789     
   1.9597444859606366     
   1.8854510933138950     
   1.6949165896274609     
  0.79712540646093366     
   6.0094142564056492     
   1.1192424510065722     
   2.6833325405583395     
   2.6212918507722693     
   1.4203879413040121     
   1.9294222647089381     
  0.76701688912682997     
   1.9171798276419887     
   2.0195868783336675     
   1.5024806224063267     
   2.1671596797500281     
   3.3423717562116528     
   3.3592691322868338     
   1.5300651793299409     
   1.6291540517673890     
   2.7373325956234202     
   6.0154201777529703     
   2.9073783606080079     
   1.6847537955964849     
   2.6964742026398403     
   2.9044929111661149     
   1.1329791664962552     
   1.1559248124611656     
   1.5501806501115989     
   5.3046244499921142     
   2.5594029884696616     
   6.0868736704116237     
   6.1672679190970641     
   1.3193182898568370     
   7.1769584540570053     
   1.5660192314410317     
  0.82373970650681960     
   1.6297691611256298     
   1.8528622112832331     
   2.2058729856445152     
   2.2103120353074681     
   2.4382705573149512     
   2.4310928838266257     
   9.9864316255992183     
   9.9880462454383085     
   7.7636398002958940     
   2.4814115660823624     
  0.73104560376822370     
   1.4955368672106519     
   2.5357592634059389     
   3.0509185740534148     
   3.0623709786608528     
   1.7528451450478582     
   1.9990929960794919     
   1.2434636445256950     
  0.62277310578206946     
   1.3497631245177784     
   1.8012908954947646     
   5.6691004986569880     
   3.5949291927571716     
   2.9728213611819299     
   2.0932899194923849     
   2.7954440378695669     
   1.8922993156239400     
   1.6423115327516724     
   3.0513593552188851     
   3.1230342266655144     
   6.8078055495857210     
   1.7394049529071263     
   2.1068095146656800     
   3.0684283635854555     
   3.4372531245002023     
   1.8168613720416742     
   2.4938215274660167     
   2.5797245918393408     
   1.0603001260138065     
   3.0579834978271121     
   3.1196832320714565     
   3.9153011474361388     
   3.4047358268828534     
   3.5509387637405991     
   7.4436047476266447     
   7.4843521924171865     
   1.9275012488894270     
   3.2596315907722548     
   3.1921333061414066     
   3.0148250836845292     
   3.0018743520697502     
   4.2012232287014486     
   2.4646151925387354     
   1.5099064845197758     
   1.8351799009820748     
   2.0992198806724822     
   1.4763962619437090     
   1.4999107335363502     
   1.4952542360609391     
   3.1545795762246360     
   3.2505488332417571     
   3.8237756472816504     
   1.7614932788120325     
   1.7052404752128432     
   2.0765551286253170     
   1.2434619130776534     
  0.88244366631255067     
   1.6222709518738934     
   1.7032961121462153     
   1.2107571781416242     
   1.5414231994317491     
   1.6253806386569694     
   2.3749483987223492     
   2.4728159190188612     
   2.4446410452158558     
   3.1634406232421362     
   1.4122549388884755     
   2.3196825525864520     
   2.0474703797772564     
   2.1989020669954855     
   1.6883635036972908     
   5.0964322655259950     
   5.1796067808060178     
   2.7569721120195556     
   1.9944325347008849     
   1.0456334792195250     
  0.94853421072705368     
   2.1730343720985639     
   3.7311905027813794     
   2.2786852600129248     
   6.6380242349017511     
   5.1186661995430160     
   3.2022165744758295     
   2.7434090431060310     
   1.9333323697781815     
   1.9157068266205033     
   1.2114353211271531     
   1.1419006228613204     
   3.2750307100469689     
   1.9350154626289882     
   1.9833064252797798     
   2.0910554380054127     
   2.2012399705920052     
   8.3862932076238401     
   2.2122007442657927     
   1.8193955015206602     
   1.2188807187276935     
   1.7852642148409823     
   2.1855115003365269     
   2.1672125479656588     
   1.8587097735552092     
   1.9241351360620631     
   1.7397268758600335     
   3.7698243410920997     
   3.7533722094531945     
  0.98149869550225666     
   1.3436605604894976     
   4.3013741766724802     
   1.8455150751368563     
   1.0534465704837255     
   1.9250411107335317     
   2.2977059635100630     
   1.5692732134946603     
   8.0626291287252698     
   6.7356158198978644     
   3.8261172054505943     
   1.6178736856933895     
   1.4341093967695493     
   2.9588182047229163     
   1.5279277163351945     
   2.8411483389253887     
   4.3220671157035415     
  0.80722577396057504     
   1.3194482928331144     
   2.0681361649903098     
   2.5247684109457675     
   2.5893414041056428     
   2.5570364697328056     
   2.2135086441171743     
   4.0792801262108185     
   4.1646614582739101     
   2.7021755312638889     
   2.0493235992843957     
   4.1489916862844094     
   2.9842120743106997     
   7.7673303815918171     
   1.1832248972434567     
   1.1665840922555095     
   2.9676982270806320     
   1.4710534161214490     
   3.2780980126345027     
   3.1124530514722326     
   3.1843410648134363     
   1.1093271474607318     
  0.76963493616715062     
   1.6900895819338975     
   3.2736083505329652     
   2.6823208378023518     
   3.3739542016423134     
   1.3843495239985220     
   2.9899970700463947     
   5.0686864713224953     
   3.4007529476189577     
   3.9086347413217566     
   1.9919973037871270     
   3.4495118439854724     
   3.5385904202340224     
   2.0042552602735930     
   4.4621217072981985     
   2.4283627353088098     
   2.6970275872362106     
   3.0930375733030542     
   1.4688227956524225     
   1.5508700833959013     
   2.7974796374539022     
   1.5468965866043183     
   3.0138834922253177     
   2.8177309923419633     
   6.5658888719349990     
   2.9005229855966941     
   4.1986396238785657     
   4.1217230270059453     
   2.1470747340922798     
   2.0540878446725306     
   2.6782511317228512     
   4.5092300154360689     
   2.5327978522068388     
   3.2949709372462048     
   3.3776139789323611     
   3.3350622616458701     
   3.3647601258615940     
   4.4298009127600135     
   2.0688037641392549     
   4.7882830186870562     
   1.0904968707390470     
   1.1022252541684077     
  0.59577301241069203     
  0.52380893991552835     
   2.0092023969672801     
   2.4922477267361485     
   2.5250283792775270     
   2.0624482013500351     
   1.7927059062551722     
   1.6061497047973217     
   1.6605529866746775     
   1.2319395230118129     
   1.5459246361218739     
  0.83669024638647860     
   1.8704252156289367     
   1.8809227932237840     
   2.8537846965719509     
   1.1935536794872459     
   1.5084195278095502     
   2.4617407998261012     
   2.4094671877631115     
   2.4028940664669034     
   5.0141085413397377     
   1.5696570849637208     
   5.1420632346698429     
   3.0462126769235138     
   9.5944991928117229     
   1.6684648430653428     
   1.3193358330176850     
   3.1286283753211732     
   3.0634481390837682     
   1.0781864672340638     
   2.1411671742699490     
   2.9905041325692956     
   2.8471008588738704     
   2.9978685842021475     
   2.9776632839424519     
   1.0688098939058999     
   2.4386489888834024     
   2.4220750657945835     
   2.3005246074879548     
   5.5747963401793657     
   1.0964743529964378     
   1.3381153160001000     
   2.5193064617591250     
   1.8423467949941654     
   9.4629478789496524     
   9.5059723014510524     
   1.3846794249317704     
   4.7327848733943974     
   4.6735506112598335     
   4.6789641333773124     
   3.2532642702998378     
   1.4320899985881630     
   1.3709564898725550     
   2.8968637303197071     
   4.8518238536235163     
   2.1856936759929058     
   2.2553553419999686     
   2.5850536635187837     
   2.1530854240409218     
   1.4907939071782341     
   3.6674581900880554     
   2.4332251033786569     
   1.7740419284542179     
   1.8618908134273029     
   2.7279237418983557     
   2.9120763451677454     
   1.1303919403910339     
   2.4505598485280418     
   1.2537904533473985     
   3.6699331199665370     
   2.6128893145037777     
  0.71451042189897307     
   1.7172133118863091     
   1.9075850047809644     
   1.9162026229257942     
   1.0902240699007906     
  0.98309345806471915     
   1.2250783689523763     
   1.0154030123086419     
   3.6039710852579456     
   3.7038980849044143     
   2.8072908281893167     
   4.4550223882912450     
   2.5837522358516067     
   2.1340066520778276     
   1.6477123503445141     
   1.6197039101921065     
   2.7831064909929255     
   2.4449861682623388     
   2.1813071565548361     
   2.8023987138104585     
   2.4793687442684851     
   2.5746846986950835     
  0.86303442913458195     
   1.9828406059370203     
   2.8441077427008441     
   1.5666493968198960     
   1.7375469959874310     
   2.0222431707831983     
   2.0444383661697403     
  0.89546394319745926     
   2.3801304686072871     
   2.9901766695276444     
   3.2412461778104711     
   3.1790492504753951     
   3.1553867461456879     
   5.0896078926187061     
   2.2927301128809914     
   2.1323220813656336     
   2.1237913483993971     
   3.9203516040592059     
   2.6008618257119154     
   1.2920702799956651     
   5.2683608641063584     
   2.1506141645562358     
   1.5522841142506589     
   3.3926626742900905     
   1.7025727717558485     
   2.8862780487721258     
   1.4082819347060733     
   1.2438407039613397     
   1.2463738420842627     
   2.8223914987092398     
   3.2340081283191386     
   2.7335250784722049     
   1.8554543343055556     
   1.7245646230360687     
   1.7097149643624794     
   1.0131633905738879     
   2.8549599569737696     
   1.6554400556945683     
   2.0480067853679147     
   1.2602789359734761     
   2.1741675713113784     
   8.0235711919214499     
   4.0733321871033086     
   4.1210577955037540     
   2.7657581341818411     
   2.7535742502518104     
   3.2107700801543944     
   8.3940926368904698     
   3.0033261755762135     
   1.7605636662033177     
   3.2777940485106609     
   1.2327565455011982     
   1.2254561683903777     
   2.3903668175764667     
   3.4604281156691576     
   3.4520788189005844     
   2.9513135201125800     
   3.3879540273168796     
   2.3128516908945294     
   1.6258416399426692     
   6.0622370409541144     
   2.2657995301065732     
   2.4434586601976567     
   1.8821677749993460     
   2.2822037473624288     
   2.6682777169198979     
   2.7148193667436149     
   2.5723273434892948     
   1.8709194756869894     
   1.5476840251803263     
   2.1191016837602978     
   1.4068589244713163     
   2.5420217241523333     
   1.2171743595633193     
   2.2176006947776301     
   2.9685541683187564     
   2.0201121125115775     
   1.5719513160778535     
   2.8125701253119537     
   3.6512271637776768     
   4.1791476298647616     
   4.2134823883612276     
   4.7153121174479775     
   2.3630363370880096     
   4.9501306414635682     
   7.8049689539842593     
   1.6877478238065649     
   1.9699201984860373     
   3.1244272064948482     
   2.3758682659581813     
   2.1164135102631785     
   5.0916158197453747     
   1.3691146298675492     
   7.7941918476121668     
   2.3030898766584880     
   2.3292636027983016     
   2.7202416001060969     
   3.6684997250376798     
   4.4478801242286590     
   2.9122512269061742     
   2.4378045030892945     
   1.8298576326590177     
   1.7751676780557506     
   3.9575229284328262     
   2.2208797560129114     
   1.2801778294297983     
   1.3438374825668151     
   1.3956456116889873     
   3.5428692868635134     
   2.2939148197004497     
   2.2584701220063992     
   4.4417897449691903     
   4.4142075749605949     
   1.4867726300823867     
   2.8048394950959512     
   2.6951261689455692     
   1.1389654432597436     
   2.9322536389076923     
   2.2493867044120486     
   2.3274450462079570     
   1.8914502140290652     
   1.2589057032672404     
   5.7532746324058612     
   1.1451325438271072     
   2.7220596994312216     
   1.1273972573105091     
   6.5880862885033276     
  0.79230480881358956     
   4.2732796135339441     
   2.4063696718758520     
   2.5732107806082078     
   2.4574481074747001     
   2.3538813886945289     
   2.5827612116476808     
   2.6019662592129036     
   4.0742127282981979     
   2.4886079034027810     
   2.5442856140333352     
   2.7368358448914107     
   1.5809600555981380     
   2.0757943431621300     
   2.2470700794552312     
   3.9174761008428747     
   1.2190340898806544     
   1.4740696514988727     
   3.4916878638866726     
   5.3774047843186779     
   1.0374806324261043     
   2.2615049517129546     
   2.2204224444764082     
   1.8519885350170311     
   1.7429966381053215     
   1.6791941540588859     
   3.6213597791266388     
   1.9961086005840714     
   1.9659362842992456     
   1.9864194722365185     
   1.7095345582289838     
   1.7185876376379885     
   3.0594925034988272     
   3.1041261770456945     
   2.0621379333523855     
   1.1186118992848091     
   8.0260109620130606     
   8.0220560270208434     
   2.0820293155725556     
   4.0561743457917316     
  0.77037688922594294     
   6.2058098309176639     
   1.9023377402619159     
   1.8214226653426506     
   1.9225044273252929     
   1.9320661708760405     
   1.9599300564914961     
   1.0595841009277536     
   4.1257980295467558     
   4.0894850639742089     
   6.9591392061570705     
   1.9631383220726113     
   1.1351672220581308     
   1.2033697068408915     
   1.2096687308190859     
   1.6594945056299164     
   1.3465743144406708     
   5.0078750945698962     
   3.0218519520440803     
   2.3313882424541630     
   2.2697848462533989     
   2.0331472404312336     
   3.8584558084220513     
   2.2976836951936996     
   2.3342542857678841     
   3.5256848216855254     
   3.1738829302025482     
   2.8485300954347164     
   2.0068228792581255     
   8.3551794136107880     
   2.6153308872602059     
   2.6776501337205669     
   2.7016320908886713     
   1.7827215530828942     
   2.1978541311959896     
   2.7849781743459308     
   2.7992759523446757     
   1.4252198746537807     
   2.9531819586377477     
   2.9307312524962272     
   2.4553583815793787     
   1.5711823776814533     
   1.5680778331449083     
   5.4800437265445439     
   1.9542595250349726     
   1.9696745352959226     
   1.3139036351610605     
   1.6265600956473059     
   1.2928837579277961     
   1.8233395696195216     
   1.0984158920180531     
   1.6432059777670867     
   4.3297658097691203     
   3.3649748806974982     
   4.2396228457384035     
   5.2978701591289195     
   1.5795739885614037     
   2.4996401028692192     
   2.3358465886470463     
   2.3223857174197211     
   2.2696308724989542     
   2.3166339813137005     
   2.0790068124923189     
   2.3626079850178665     
   2.3235720537154276     
   3.1294047282519242     
   1.9368920957526439     
   2.6532381398122413     
   1.8438857835117208     
   2.1402137077803816     
   1.8567210406974617     
   8.8918299711488444     
   3.0719688376503766     
   2.9130384893559058     
   1.6537470286788492     
   1.6392012732859333     
   2.5548958533009074     
   2.5740469732045264     
   2.5264953748041719     
   3.8175345195159749     
   1.8813399194236902     
   1.9111195861116148     
   1.6029245640359802     
   1.5009839025446745     
   1.5420121245034413     
   2.2506214062157746     
   2.2449081168492881     
   2.6238491008923788     
   2.6485170176878245     
   2.4886797707181780     
   5.6434628197300434     
   1.7087266267298264     
   2.1740415815904806     
   1.2473559268055965     
   1.3280142335438461     
   1.3808710135223898     
   2.7314615526020609     
   1.0950174691757422     
   2.3092610028038587     
   2.4753063620224958     
   2.4545500400692370     
   2.4860009537486807     
   2.7817833375748466     
   2.6793516913328124     
   2.7520483122834749     
   4.5583447620693471     
   3.2359993729218615     
   3.5358884963194206     
   1.2578808399902124     
   2.3651541635725133     
   2.3403015172436117     
   3.1292001665517741     
   3.1489644480015753     
   3.8118109388500261     
   1.7939475766280013     
   1.5462756519505445     
   3.0231838848453472     
   2.5292857932749802     
   2.7703282404524239     
   2.8228600711169340     
   3.2674040946662299     
  0.77864434329448107     
  0.82314421895293532     
   2.1132562018396195     
   2.2867246395536109     
   1.9043681466010747     
   2.0613673825746779     
   2.2587987799746179     
   2.2478274877640421     
   5.7268689624243363     
   2.6454904748432386     
   2.5806606300118906     
   2.5831669348160262     
   5.5850529847312140     
   2.0328491094794701     
   2.0795642312400893     
   2.5253839626911856     
   1.8016376649479129     
   3.9143834326433686     
   3.6029911302823949     
   2.3147589672558202     
   1.6807882730331607     
   2.9541374963404166     
   2.2526596571552524     
   2.3025630109515292     
   1.3652258796769354     
   1.3720440288233506     
   3.2121968456079162     
   2.0326754270499845     
   1.8073976824826217     
   1.4590740048336852     
   1.6290343292191847     
   2.8698386654970989     
   2.3340377165071620     
   1.3098148060881505     
   1.3460304195950286     
   1.2121750365799182     
   1.8544338775164819     
   2.3116622187076490     
   2.6556551542492217     
   2.3579170083430219     
   2.4001364143239088     
   3.4991187248909057     
   1.8028281593123754     
   1.1651317305147513     
   3.9430799616483712     
   2.4620721300483508     
   4.4159188493947408     
   5.8884592627714749     
   3.6083368985269062     
   2.2561874400679356     
   2.5758507022871733     
   3.4730629081535831     
   1.3622269450604865     
   1.4690709747919726     
   3.5421266210660556     
   3.1652591841069184     
   1.4926285805830066     
   1.4066518902871064     
   5.3328342395876973     
   3.6597172928430712     
   6.3149582691807140     
   2.6934083104965456     
  0.98899600742119886     
   3.1259932505820620     
   2.1160727075630898     
   3.3472352548398701     
   1.4197910004277927     
   1.5866218368219311     
   1.5758260832415791     
   2.0238626255953913     
   1.7588512852033531     
   3.3497290388701093     
  0.99860916512638309     
   1.5452703928795446     
   4.7024203592750347     
  0.97510564981379622     
   3.6269535169561467     
   3.6754503723381418     
   4.3894174706532816     
   4.3420766051316386     
   1.7308181165728254     
   1.7316871395014104     
   4.7282317197337669     
   4.6797829315904345     
   4.7651601208948966     
   2.6353052724433175     
   5.6256002870383206     
   2.4785601038382747     
   1.5043597113096496     
   1.9421359249782608     
   1.7273620007076416     
   1.7162686460098877     
   1.1223677545846471     
   2.9144901095982170     
  0.94745862861216323     
   2.2384771103146726     
   2.2354290003024735     
   1.8593005661529434     
   2.5937130743825558     
   2.0261157301706980     
   1.0131046191360868     
   2.5892346852361685     
   2.8188120847333340     
   2.8330320906970288     
   1.4219305639801676     
   1.1000792686191869     
   2.5583130022050820     
   3.5443750531849108     
   1.1599329966217189     
   3.0642000982113835     
   1.7208950329487966     
  0.98433248554597885     
   1.4366023310532701     
   1.1893392527006841     
   2.5218965463413450     
   2.2389732424725635     
   2.1784665097590517     
   2.3214921154152384     
   1.5612173077632143     
   3.1346920789457120     
   2.3320374180071912     
   2.6589277143411558     
   2.4363971772193098     
   3.4199516756786377     
   1.7891554320977670     
   1.9125442243650437     
   2.0463543452328494     
   1.4818057114326264     
   1.5206169630352422     
   1.4548273642228773     
   1.5137052338939998     
   1.7199201803912385     
   2.7908003221814690     
   4.4592575399482257     
   3.8924421173450812     
   1.8298434613989800     
   2.3786659082258614     
   2.4132433582827848     
   1.0336126099023213     
   2.4259897751136399     
   2.4200881070348013     
   2.1972228556923663     
   2.1129299563162123     
   1.4875079550858059     
   1.5316770663363501     
   2.2346147672663084     
   2.0479456001015111     
   2.2006775326775934     
   1.6412536304065932     
   1.3136353812766408     
   2.4020351324073990     
   1.8883851412397035     
   3.0679649779813416     
   1.4142447849697173     
   2.0368155914360671     
   2.0633189324693872     
   1.1580914158195934     
   2.1854080978316048     
   1.5650745244674238     
   2.0232455284690367     
   2.0055438426902206     
   2.0713034180020542     
   1.8799977054758992     
   2.4900196509628154     
   2.3988859201848549     
   4.2388222514739802     
   1.8988275622390569     
   8.4076905905791293     
   2.8299567040439797     
   3.5021720956665083     
   3.6240328289903432     
   3.6206962255500401     
   2.4495801007044360     
   2.5348373021533184     
   1.3615350488482532     
   2.2815305793825154     
   3.5946333426417825     
   2.1112032723869127     
   1.6359192879337163     
   5.5253334613990752     
   1.3040174501126154     
   2.6850519837819879     
  0.58394511479344191     
   5.2753644703955516     
  0.56087650509877529     
   1.7060714232646770     
   1.5938618077810469     
   1.7487383700476813     
   2.7608901320897670     
   2.7324266099034515     
   2.4831314386142713     
   2.9473049305786554     
  0.73314300072396599     
   1.1469486229378576     
   1.4241264306830586     
   1.9106411762754185     
   2.9695049044606732     
   4.2227553487472020     
   4.1660698553233999     
   2.6444490936331917     
   2.3332296494905367     
   1.4492369813109798     
   1.4367914697779030     
   1.5200913758670731     
   1.0589190269788786     
   3.8952761152109536     
   3.9142405402566540     
   2.5252762063859415     
   1.6822188602206305     
  0.89298390444665898     
   3.4365728618484495     
   1.6959010559164234     
   1.7711470102959908     
   3.7349673389227447     
   1.9156475722354172     
   1.8786329403007886     
   1.5117926287379939     
   1.3803062565350868     
   1.9069410910928482     
   1.6506905545496782     
   2.7469501803048306     
   2.2295673903884481     
   2.9254013142661304     
   3.5587728872616471     
   5.3446425419717336     
   1.8292738445080989     
   2.4147688677691130     
   2.5364585270162481     
   2.5965779224452183     
   4.8132535278069888     
   4.8708259587728850     
   3.0903819212405077     
   2.5666833783867977     
   4.2206157561990949     
  0.88179808103082791     
  0.95080888128850249     
   6.1173667959439220     
   1.2008747781622975     
   4.4682849636072897     
   1.5470202747965298     
   1.6232333587554688     
   1.6221432908594151     
   2.0737763350015426     
   1.3731469315154072     
   1.8442457005889079     
   1.8378507648005362     
   3.1796702167853490     
   3.4894708902267375     
   2.1094466336933166     
   4.0815981427414219     
   4.1010605667407427     
   3.9770283917437892     
   2.7847501760845836     
   1.3918345467298825     
   1.3160745534885385     
   3.9345587512443201     
   3.9387321668935629     
   3.2478913665087035     
   3.0442179373244578     
   1.5783619128939785     
   1.7337204258539598     
   1.7622192300779294     
   1.7624020497449184     
   2.3032161529092847     
   1.2989307231900273     
   1.7218917624864891     
   3.0701117260654218     
   2.0617991615975542     
   2.3999373900411514     
   1.2936500196173393     
   2.9898236053068894     
   3.0246195779557588     
   2.3923813301210188     
   1.2777489773795609     
   2.3947045903015765     
  0.86270103737320669     
   4.3163441087236336     
   4.0338285732196608     
   2.0601034629763930     
   2.1154218376325167     
   2.3303345731717324     
   4.1407586581343043     
   8.1794645665294929     
   2.4246005848511145     
   6.1779260772211337     
   3.7368208090068578     
   1.7294368014338144     
   2.5936234805837990     
   1.9040990460682208     
   1.6649846175240479     
   1.6653222242624433     
   1.7126514018209991     
   1.9339752600450055     
   2.8588680079049236     
  0.98139644759651778     
   1.9815690886533988     
   1.5307766124391298     
   3.0898949260497832     
   2.3222177393505596     
   2.4021509318518461     
   2.3889742238851039     
   2.7098870460867746     
   2.2189123919517826     
   5.5013155307684762     
   1.3065822401297291     
   3.0192392042166269     
   1.9871308085115869     
   2.4238995076676786     
   8.4292404520769075     
   1.2776418584404130     
   2.8060631058001757     
   1.4135770628655688     
   1.3097756462856716     
   1.7592949929351482     
   4.5342808804716910     
   4.5451907173618693     
   2.4973496095828480     
  0.94027452246126397     
   2.1601461746303849     
   2.1181171760263990     
   2.9155932768297390     
   2.2473077710482094     
   1.6947213372954557     
   1.2511887504970474     
   1.2281102212038402     
  0.90658291362979126     
  0.83006665463820029     
   4.1543179923369680     
  0.94220629118153443     
  0.71721851380126678     
   2.2509064789842590     
   1.5677774320897753     
   1.6915799592128353     
  0.57707279944391476     
   2.4272388033421595     
   1.8495812977512665     
   2.6488522307224249     
   2.3915044730688186     
   2.4039933241445834     
   2.2854664758198413     
   5.3761270176368301     
   5.3711818627059653     
   1.8664364509725184     
   1.8052942000485328     
   1.5113678885511095     
   5.7196779578445840     
   5.6160823124413177     
   1.3377846564352935     
   2.4238966924199610     
   1.9822119943079468     
   1.2037954220465386     
   2.4854057329248729     
   2.4562401906852016     
   1.6475533351721336     
   5.2742975762291024     
   2.8633452666064230     
   13.447281798733446     
   3.7920262310069139     
   2.3211395858764261     
   2.2523655761686547     
   2.3234417401254599     
   2.4793701773593346     
   3.0114319685314035     
   3.1330161689617122     
   1.8247191042872837     
   4.0574605686859391     
   1.3324943827957190     
   2.2319910980263078     
   2.2620960847834972     
   2.8780750107461635     
   2.4749850097000596     
   2.4539927841005724     
   2.8204842685756697     
   4.2243201361658089     
   2.0495919467768120     
   1.9451374221442903     
   1.9294122372394820     
   3.7142301202311256     
   4.7448374663359107     
   1.8125928152174495     
   3.1792167414467860     
   3.1900656901644964     
  0.93305755888001685     
   1.4798465944891117     
   2.3488697356611934     
   2.7015286908095120     
   3.4976977830612812     
   5.8617218008236840     
   3.3789065824282027     
   3.4534663098421103     
   3.0709978164295268     
   1.3026729496346885     
   1.4947018171080559     
   2.1534683335746729     
   3.3208459967349677     
   2.3654503228831767     
   5.2615193198065642     
   1.3474999498210705     
  0.79644727017610495     
   2.1013233243341043     
   1.9601239003104476     
   1.9852131128704564     
   1.4367875780795385     
   1.4453563340519577     
   2.4084112761660084     
   2.4606971626558805     
   2.4311754711361475     
   2.0998084762364968     
   2.0703839713716126     
   1.3544595288444645     
   1.3527849944007058     
   2.2015920860778730     
   2.1411405440253199     
   2.0995657515883570     
   2.9873540407137464     
   2.0728506006168144     
   2.1844443301667198     
   1.2152988450029969     
   1.2033721667295785     
   3.3600363159760112     
   3.3217243218502621     
   3.3677077420826333     
   1.2147242618135443     
   1.2859884548637086     
   1.2798545716063094     
   2.0509976622671653     
   3.0952166004289556     
   7.0157025775981792     
   2.2093498266633183     
   4.3231556118603889     
   1.6859630275065824     
   2.1098643842778864     
   2.9840439824885925     
   2.9783318059714006     
   1.9481767334656503     
   2.6262925216153068     
  0.91155546673465593     
   3.3389250976599834     
   2.0199907396660306     
   2.0608269712439138     
   1.8335862648196837     
   2.6146905471671444     
   2.3761481607933521     
   1.5554620165984121     
   1.5878678495829954     
   3.5434352668928812     
   1.0537910419995407     
   1.9713444563440665     
   1.4200235175631604     
   4.2517467747515738     
   2.1755705329687478     
   1.4418197697142634     
  0.64264267789344953     
   2.6472055062329902     
   2.6955124080453139     
   4.4421286144979817     
   4.5272361967315700     
   1.3282233901008256     
   1.4133730100150230     
   1.3596847192875752     
   1.0642437306704002     
   1.2002011837284856     
   3.2369399521729165     
   2.7695083841315968     
   3.7896126142537248     
   2.3177815151682362     
   3.5900392329900011     
   1.6882395748032359     
   2.4440247514945530     
   2.4201539982176468     
   3.5243481646347501     
   1.3872755831999033     
   1.0508977080566073     
   9.5942102361751491     
   1.6126123279512243     
   1.6117508425032532     
   1.2848356032341097     
   3.9039466847172246     
   3.9598290022011775     
   2.2741553016953908     
   1.1709361378620644     
   5.5569082880507850     
   5.5847252427531542     
   2.4838486800397028     
   1.3555842013341981     
   2.9371641105875375     
   2.7205674492816261     
   1.8378384099980394     
   1.9002310273477734     
   1.7813699857895167     
   1.8564682353852016     
   1.5965228816132806     
  0.97472323751829693     
   2.0855357273404200     
   3.9998040572306710     
   2.8612138634730853     
   2.8169466923277255     
   1.5802430662944886     
   2.4540787826229375     
   1.7284056936945855     
   1.4889686219683547     
   2.4196205041317507     
   3.1079007967021335     
   1.6972796999801261     
   2.0661549473390650     
   2.1396808709441095     
   2.2939497353827898     
   1.7098046496675023     
   5.2705321831200083     
   3.2954045474853135     
   2.4857591763484037     
   2.5591547005426443     
   2.5835151076981031     
   2.5961204919581169     
   2.5323737817115344     
   1.8346280480272796     
   2.6444493931001389     
   4.0097802093401373     
   3.6845575353334308     
   2.2218292214673157     
   2.1931110267681850     
   3.0151307096820186     
   2.4254820860986626     
   2.6760249216085508     
   1.9490693535029260     
   2.1404825354908836     
   2.0535420286594110     
   3.2480282292217417     
   2.1481131655344536     
   2.1518787826170085     
   2.0846860045533573     
  0.95205393404446714     
   1.7999888498248016     
   1.8166285130148327     
   3.5496828100901201     
   5.5926064475443429     
   1.9551887381688966     
  0.87831934900729880     
   5.1209784585758067     
   4.9376404153802183     
   4.9090984733107739     
   2.9970419759047715     
   3.6755745857176811     
   3.7096804509656711     
   1.5166034598367837     
   1.9193433479416475     
   1.8861355382690979     
   3.1379399507802406     
   2.1781726350800925     
   1.0914480230356582     
   1.1176997172958067     
   2.4841761599288712     
   2.5214434059225712     
   2.1671139044194785     
   1.5954677677789038     
   4.7157278101286835     
   4.6556795376245228     
   2.4399152034552456     
   3.6385063938610607     
   4.8788098896283154     
   1.6609583572192450     
   2.1591991791937173     
   1.9325019697572061     
   1.5231809776077161     
   1.5270436923380271     
   1.4392082553939483     
   1.6238326472408160     
   2.3423476499329627     
   2.2404642083733459     
   2.2657140799903903     
   2.1058462388558929     
   1.6549791012505501     
  0.78395682170979730     
   3.6722223042478008     
   1.6127195080205030     
  0.82380265558164101     
   1.2125440303782598     
   1.8172826044796013     
   3.0884797566262554     
   4.7096359563136927     
   4.7199207451005849     
   3.8838934386537365     
   3.7530829668236825     
   2.3563290676755337     
   2.8527862130128456     
   3.8320865840333052     
   6.6702058618756821     
   1.9538193478415318     
   1.2285044110264400     
   6.2909405632138116     
   2.9377333599511597     
   3.8269419372647624     
   2.0074203451017549     
   3.2622409379554145     
   2.8342719582307860     
   2.8535578054714299     
   2.8540295519496448     
   4.3340287235607757     
   3.0488294102314937     
   6.3916845019728044     
   3.4783277869875655     
   1.9572487421724458     
   1.5682813866267316     
   1.4687125031499506     
   1.5062997144502057     
   1.4451097492232432     
   1.7332428126053860     
   5.7476863450766142     
   1.4380835018927534     
   1.2420573825443209     
   3.2502913873704951     
   1.9496632183702558     
   1.4684682353876068     
   2.3953055548747892     
   3.5278136316446154     
   1.8454152451171895     
   2.7994638889703460     
   2.0608134918222349     
   1.3194505420939451     
   2.8591689866580365     
   2.3987100125519274     
   2.4166995341041293     
   3.2377530482200889     
   2.0042148230429500     
   2.2647345152629765     
   2.5301130080994838     
   5.6542267239931459     
   4.0347611913292836     
   4.0369580268362730     
   3.9951827474869011     
   3.9758763246322806     
   3.9393596604043668     
   1.8573153724040821     
   3.2404852757583860     
  0.91690091810214125     
   2.1041832569213188     
   4.5731305203579682     
   4.5524393195877133     
   7.6214551854393644     
   2.6694122366073065     
   1.8815889059634623     
   1.6329092671343071     
   5.7455988279065231     
   2.3983652072988146     
   1.3027871499804555     
   1.6278556609789367     
   2.1452542414942819     
   1.4776842729203936     
   2.2299121984750290     
   2.4971226965703148     
   1.3436888092889774     
   3.1365610918878604     
   1.4856877640153336     
   1.5124057468782528     
   1.5621303965504270     
   1.8113463896204989     
   2.0750759913677408     
   1.2046692858116006     
   1.3163071972293252     
   1.3043334452898665     
   1.8847662276607784     
   2.4244245965878068     
   1.6470249387422129     
   5.1903309557555231     
   1.4892443957061734     
   1.5336889966374210     
   3.1746064254318407     
   3.5567003729700550     
   2.4271641188625539     
   2.4393380605456150     
   2.5218912787954806     
   1.7933079241470673     
   1.3504679021302692     
   2.7777857285133654     
  0.91913010849756072     
   3.0650229296291522     
   7.1228734885436253     
   2.0216077688160135     
   3.9831931198843495     
   2.5145470957049376     
   2.5817494652417503     
   5.9277296623404068     
   2.7355595088229432     
   2.7144575992423383     
   3.4342305623112663     
   4.3468139716262160     
  0.81589701387019620     
   1.1835797932567336     
   1.4474517908847500     
   3.2623860471393273     
   1.6884061736435869     
   2.6733521526302830     
   1.9100943654759721     
  0.98449992574068335     
   1.4372045853916307     
   1.3753178086805080     
   1.4840423987737639     
   1.4713541309396700     
   3.4998817936675284     
   4.5767298139704886     
   3.0065182759137503     
   1.7967626713739115     
   1.8089825730513773     
   1.9673772132191383     
   1.4954354683798543     
   1.7968074084535253     
   2.9187458867683382     
   1.6783281934566630     
   3.8870958433561662     
   1.8129238019066625     
   1.7799944180909621     
   2.8523102249913999     
   1.5816086912570495     
   1.5212902136135769     
   1.3347733931191450     
   1.7465622343469451     
   2.3201169231736389     
   2.7160195320924383     
   1.4240399604240104     
   2.8861929543148297     
   1.5474027939162616     
   2.8644639415652731     
   2.9756066271917065     
   3.3436692817175357     
   4.9091779744779425     
   2.2401280653517781     
   1.6063808616107074     
   1.6447825864619823     
   7.0626809800375430     
   8.2741282124557518     
   8.2261550112969601     
   2.9398368424437864     
   1.1554086673173338     
   1.7092418596430770     
   9.6058269265789775     
   9.5789382636101106     
   1.7745942919052589     
   4.3347815766468907     
   2.3342009959677754     
   1.0825387335520888     
   1.1259327656651537     
   1.5907704442794068     
   2.3386071616458839     
   1.2642752810300382     
   1.5813673557937946     
   1.5461141776649285     
   2.5040584546964424     
   3.1726448402754399     
   3.1834781564884143     
   1.7909908634493488     
   1.3636772000127100     
   1.3765355734695983     
   1.7100742331256809     
  0.81650168176355176     
  0.89348704420167502     
   1.4895146759553120     
   1.3036835828675597     
   1.9354852360383070     
   1.9174699836933924     
   1.5480797597164118     
   1.1149727685828132     
   1.2406110068144069     
   1.6312361552987487     
   2.2527050024035002     
   6.0035819495172538     
   1.7190150995036471     
   1.6286283608281280     
   1.2033087452489162     
   3.2193239612160469     
   3.2543961066694904     
   2.6874491715135522     
   2.6192413868037221     
   2.4232007017867785     
   5.9377684836808973     
   2.7301436620982100     
   1.4370778307432110     
   2.1762955407142912     
   2.9970769335361553     
   3.1171534504692340     
   1.7479183346519425     
   1.6863821501881437     
   5.4576951583927107     
   1.6672735452672851     
   1.9826150462482275     
   1.5420776926899205     
   2.2076465053317196     
   3.1742735317932231     
   2.1492509304519642     
   2.4579013755605121     
   2.0361033020116945     
   1.2123837582538919     
  0.83458095114871711     
   2.7023540195974021     
   2.2501015721249717     
   3.8545157171688613     
   2.0240901743889097     
   3.6983804063863448     
   3.6886888906381050     
   1.3663929469385556     
   3.4828951134581034     
   3.5471970587280324     
   1.1048540476687938     
   1.5275111204729372     
   2.7111761769326779     
   4.2567470237158060     
   1.6926472251837037     
  0.73008617605731851     
   2.6536907502798748     
   4.5164971148617603     
   1.4285329871058348     
   1.9272071509798547     
   5.7645846310539488     
   5.7809584784314225     
   5.7658511117801341     
   1.4628023738024962     
   2.7611620758169959     
   1.9992420626359384     
   2.8706907087464852     
   2.2442810259182089     
   1.6863535908275005     
   5.2225113732711552     
   2.4895796890534836     
   4.7109439796380546     
   1.2725222554278961     
   1.7540819680140198     
   1.2895839889244436     
   1.0951290152149586     
   3.3282264222091134     
   1.2757099962572851     
   2.0208565779850542     
   2.1393065547183583     
   2.7843874574175302     
   1.4903726241933315     
   2.7516325510348985     
   1.6053486317539956     
   2.2462425965691999     
   8.4620858849642815     
   2.1959085149340356     
   3.1641861891988023     
   1.9234828820543453     
   2.0066624435774645     
   1.2562501894991629     
   1.8460547374555523     
   5.1475645302273225     
   2.6219218865753646     
   1.1828476277140694     
   2.6096579452786881     
   1.8815906423705875     
   2.6934297760174943     
   2.6551905033382766     
   1.6292826304342782     
   3.8669182412347052     
   2.1313010123087066     
   1.3807540712435813     
   3.6424915564524514     
   1.4481659110757941     
   1.9933543219221586     
   2.3111551097380199     
   2.5859187227906566     
   1.7014592924018410     
   2.4011505930240404     
   3.0006785284568203     
   2.5401599411303910     
   1.8496241602975838     
   2.7729109342749680     
   1.5487780218391309     
   1.4903098160358266     
   1.4688580722954665     
   1.5405296085879461     
   1.8528124333425322     
   2.8901640561699975     
   2.8824337872188419     
   7.9279106019089074     
   1.7261406907248624     
   1.5941457093380409     
   1.9375243259743065     
   1.2660601997153333     
   1.6882438481030084     
   1.3996010029611001     
   2.4998240130904477     
   1.8742575476316001     
   1.5004558181758296     
   1.5699302999297786     
   2.3171001361252364     
   1.3094819916933691     
   5.3462412385534819     
  0.97373803873388476     
  0.93763943929278870     
   1.7858750903007639     
   3.0804248655023097     
   1.7712970528783658     
   1.8521556870757676     
   2.2337466389042562     
   3.0626753596289324     
   3.6187066569761606     
   10.432655148218835     
   1.2519071155468866     
   2.7130359634209413     
   2.6466018968490599     
   1.4396983532534420     
   1.8211385352711364     
   1.0670484643206009     
   3.9793082418084587     
   1.7881839894983100     
   4.0426967619377185     
   1.4717490065100274     
   1.3919720206262944     
   1.3940643146443503     
   2.0173741012029982     
   2.1446626173471151     
   1.8105609336030932     
   1.7992748189908432     
   1.7747254865404225     
   3.5192289806625703     
   2.2551518437065363     
   3.5084928124494792     
   1.7303421784032922     
   2.6195433276940578     
   2.1360741227958533     
   2.3104163116176282     
   3.4800913497713846     
   3.4563835788872113     
   2.2721680158911135     
   1.7741595981726916     
   1.7854590162727801     
   1.9390070232754486     
   2.6482683005092649     
   2.7625649396429277     
   2.8956255596687472     
   3.2353725105104512     
   1.1592094596308078     
   1.1590714375572555     
   1.9625482373528980     
   1.5350366406384699     
   1.7122293221182363     
   2.5837226261936728     
   1.7608084038105942     
   1.7653555029501142     
   1.5324807179186526     
   2.7337410315360948     
   2.1988144843176505     
   2.2895118663665062     
   1.8366403036559023     
   8.3949194011345121     
   2.7632459796585302     
   1.4906189326940711     
   1.8234820410813875     
   2.1088109354254283     
   2.1074206368800290     
   6.1166631844050841     
   2.9472315665186199     
   2.9213011225480741     
   1.3651395346565598     
   1.6917088814750705     
   1.1214064631875740     
   2.5454288329915604     
   2.5979740444364614     
   3.3857006303467592     
   3.7252093590279931     
  0.84474050578575277     
   2.1128774824644774     
   2.0153614603023273     
   1.3749933650159292     
   3.1844334818539841     
   1.7768427307735588     
   1.6653584134225570     
   3.8594489169574215     
   7.7452169735413481     
   2.4424463523256161     
   2.4245351160368958     
   1.3181381738158768     
   1.2928713291289196     
   3.4219903009424764     
   1.4376754556643032     
   1.1828308527506131     
   1.5676493092554924     
   3.1106315662432746     
   2.5478308573823871     
   1.4287759758862362     
   3.2845761383223602     
   3.2673474666089022     
   2.5124158628853923     
   2.4519583325721506     
   1.9658249118112248     
   1.5315520363111115     
   1.2214443647823137     
   2.0285956232311810     
   2.8768557271157653     
  0.98648639480752709     
   4.6965181403689309     
   5.2435947211082077     
   1.5462731444946427     
   1.0242746253506143     
   2.2883230423742442     
   1.2524379277933679     
   3.0525312412736691     
   1.4862574351766276     
   1.1874567421229669     
   1.4378308470602803     
   2.0632258902750893     
   1.3090366683137298     
   2.0141038070754442     
   2.3337494374495780     
   3.0117328493421578     
   1.3647818720137790     
   3.6030760867726452     
   2.6027660450464984     
  0.83434153579125958     
   3.4396274691197952     
   3.7102142676085346     
   3.6897744968915784     
   1.4579918145508861     
   1.7395189513483975     
   5.9140998127828439     
   1.2613599363290806     
   2.0655460173791620     
   1.1209410255054899     
   1.4931188105836646     
   1.7509291201861301     
   5.1284231102178017     
   2.0987330333001424     
   2.1306048752839657     
   3.4161287823919499     
   3.0702910632069407     
   2.3523135550785845     
   2.1767250865284509     
   2.4338103947929293     
   2.4150138910202612     
   2.1465398356876237     
   1.7534263453688510     
   1.7736098771861095     
   1.6220229017297789     
   4.6267422363253425     
   2.3623844481263605     
   4.5643860595304906     
   1.0670922748255858     
   2.0115732747336725     
   2.0366182946081368     
   1.2469200801278542     
   2.5939920175740019     
   1.4972741293153764     
   6.2309184830811937     
   3.4464299949727955     
   2.8868590806185770     
   2.3025489495029183     
   2.2833692389643092     
   2.0815677064143703     
   1.2297170619862026     
   1.2935812272672453     
   2.3470674072649351     
  0.90562235061912211     
   2.1418047046976114     
  0.98363129488781575     
   2.6829992469711992     
   1.1673051653223596     
   1.1728681852666791     
   4.2710161157080657     
   4.2248862491447072     
   4.2486798771725773     
   4.9048592534279063     
   1.1667908306621890     
   3.1258699972503172     
   3.1374816965443357     
   3.1041625782562323     
   2.5464101783084314     
   1.3197780614777792     
   2.5973846563973448     
   1.9944731062901848     
   1.8240876727253215     
   2.0514376636326301     
   2.5281709559618726     
   2.5133990069879539     
   1.1449754023230061     
   1.5970529118721064     
   1.7079227454714077     
   1.2171124394158490     
   1.4148415459906678     
   1.5065187359808965     
   2.2060668202812930     
   2.7637834453121775     
   1.9930538434588749     
   2.0280560932377258     
   1.8669072157677788     
   2.4542493652719677     
   2.7547508464254684     
  0.89244681645302804     
   1.5589468363423189     
   3.4901802567991331     
   2.4320146309573212     
   2.7533163628817006     
   2.1555886705117748     
   2.2968106405917372     
   2.2982046831380147     
   1.6331955400348732     
   1.1662492234759452     
   2.1220902569393214     
   1.6144604709190533     
   5.8474922033350358     
  0.95226204864091535     
   4.9002640209363637     
   1.6344684089136317     
