   1.6225569180210531     
   4.0848868002665260     
   2.5082660867612221     
   2.5321615562164070     
   3.1625733764936923     
   2.7504295739227311     
   3.5916487799245975     
   1.4360335655573555     
   1.8905276277582876     
   1.4305522678493519     
   4.4256939800883766     
   2.2092265253472325     
   1.4704725460919406     
   5.0955269448637512     
   5.1084157925653617     
   2.6627226274440412     
   1.5687905229947245     
   2.2022454792392536     
   5.2826458826198657     
   3.4235748225809730     
   3.4150592792442072     
   2.4028863776168894     
   2.8947367384312939     
   2.9389906842286933     
   2.9178737983909819     
   1.4478119338193158     
  0.88899575470060099     
   1.7229532854631622     
   1.7201147076967993     
   2.5390406652684261     
   2.8825770164917577     
  0.68012117487624280     
   1.5599538508751332     
   7.4907336484225455     
   2.7557740100393064     
   3.6187066569761606     
   1.9585798999378830     
   2.4741888399280190     
   1.7628013133180920     
   1.2167473643516782     
   1.6269882581117092     
   1.1451137839937182     
  0.81012271484297815     
  0.70411408961508914     
   3.9270295655514058     
   2.3441519856617630     
   2.3701043390097958     
   2.7055529272637724     
   1.5997275590201050     
   1.5282346475769861     
   2.4163526874365138     
   1.5391348315507452     
   2.1524746091684244     
  0.71054927462710438     
   3.0145268161358909     
   1.7720956798513408     
   1.6849802768138515     
   2.2935488735806966     
   2.7118121974195466     
   2.6763334741309586     
   2.0200437040138124     
   1.4908542021382054     
   1.9356107006408203     
   2.6914911260279291     
   2.0022676398854915     
   2.4816962335867112     
  0.61728300857660345     
   2.2019171319670630     
   1.8199560502627188     
   5.9000335335954537     
   2.3211798865691278     
   5.1013336661463855     
   5.0860622029600000     
   5.8405065465747388     
   2.4996458724382209     
   9.9073995233662320     
   3.1661699655196882     
   1.2264149342643402     
   1.4890955988031962     
   1.4192852708249020     
   3.1486988292925053     
   2.9489044812485119     
   3.3783102506004745     
   4.4214430835509324     
   5.1193287287641898     
   2.4563439193652896     
   2.4492821188791276     
   1.4350436951827072     
   1.4507781928512726     
   4.5812697577271031     
   4.5325476902533151     
   2.3710587208071727     
   2.3495392054056095     
   2.1386503340552818     
   2.9945446756217220     
   1.3379476626387874     
   3.9633820075621422     
   2.4293910891532198     
   2.3756989483081892     
   2.2388196315791324     
   2.1352747383069022     
   2.3702025267882623     
   2.2390155645505829     
   2.9870267796731609     
   4.1025859618807266     
   2.9182375760984067     
   2.2097857675372721     
   2.2939571486833574     
   1.3148507010267749     
   1.4667820737848642     
   2.4086570754867314     
   3.3773528485902133     
   2.8667803349548202     
   4.9185935790440327     
   4.9473293586783047     
   2.8143270781013960     
   3.2627049390012623     
   2.5180794445779795     
   2.4683828973382607     
   1.8084199386437383     
   2.1539476286426482     
   1.3093696444473901     
   1.1971951581077958     
   2.5483690125439096     
   1.9150732870171641     
   1.8531022728921096     
   1.1535078282617117     
   1.6284396943864783     
   1.6622916242714567     
   4.9093754464268375     
   1.7099383591761204     
   2.8215666910441670     
   2.8062247699653917     
   1.2678099136936223     
   6.3023253489556765     
   5.3336786899941071     
   1.8870848637202200     
   1.6103957924015457     
   1.9662783807739996     
   6.5574349016822149     
  0.95122206883027860     
   2.2548237040709975     
   1.7195942383471374     
   5.8885239843066630     
   1.4074105632624259     
   1.0169391259690794     
   1.8342688671756779     
   2.3802719982418523     
   2.4312666215432643     
   2.8173972645060368     
   2.3074351396897530     
   4.8775174443929759     
   1.6389202405701540     
   3.2206631501183147     
   5.3561181908107525     
   5.3031309623220384     
   3.7605369144426422     
   1.7130905207488252     
   1.7512303348821521     
   3.1049640434986214     
  0.88128838671820964     
   1.6364998175020355     
   1.4358543612987216     
   1.0618804321915316     
   2.9569294368774841     
   2.6498461252073544     
   3.2743340818705016     
   1.7069818232206664     
   5.2162531638357219     
   3.3273551596894424     
   3.2812883148174370     
   1.0640405994999944     
   1.6899778556111444     
   1.3274039711314651     
   1.4182044391398869     
   2.2005578777369488     
   7.0244687331173150     
   1.1704309240803157     
   2.3169117658221614     
   3.1480474740110154     
   3.1779065698149314     
   2.4255486160303956     
   2.3709687781253117     
   1.3575623627020483     
   1.9011641734657334     
   1.8791325168529673     
   3.2994011591968961     
  0.93828437144503296     
   1.2910256307836638     
   2.3463847606887742     
   2.1313022852269370     
   2.9475650850936921     
   2.9485384116094462     
   2.3251502691005945     
   3.0407664143008182     
   2.7453171627781603     
   2.7447015617903263     
   6.5502732756352859     
   2.3812030013527514     
   2.5293895616562923     
   3.1483667587979651     
   1.5948617733579677     
   7.9957991988941286     
   8.0026475097255965     
   2.1990377144659554     
   1.8892552698386400     
   1.3706939242044562     
   2.0756490361147657     
   1.9934964112733831     
   2.7319662533770890     
   2.6648530697778856     
   2.9074616852569917     
   2.8201140679289018     
   2.9047525240402670     
   3.5980958021128426     
   1.0109419226278133     
   2.0091876425197963     
   2.0275749666608447     
   1.8383621988330248     
   4.0311957534950587     
   4.1775733796116228     
   2.2758427177879792     
   3.0781203390970955     
   2.3875829658646852     
   2.8809253724504127     
   1.6365709679702753     
   1.2277652536999228     
   2.4280724336944384     
   3.4811477741595587     
   2.3316960882362485     
   1.7220810967936593     
   6.9150373540771017     
   4.0828400991162024     
  0.93794121768124517     
   1.7929150229307109     
   1.8506484323643151     
   1.8124160822325093     
   2.6382697937250823     
   1.5033241175870720     
   4.1059433013416289     
   1.5452703928795446     
   2.3825540385474659     
   7.2641809941084148     
   1.3577201447702036     
   3.0773236385825076     
   2.2229918304314520     
   2.7818723492449684     
   1.5434970945857516     
   1.9690931671958438     
   2.1210719344097506     
   1.1662729868715052     
   5.4078781176913022     
   2.2035390024046664     
   2.4309698436548812     
   1.5187936195736249     
   3.3708692515360905     
   1.3491950859416790     
   2.5823600031850802     
   1.2316142383022379     
   2.2241698280460707     
   2.1534396783824143     
   2.3303352554789294     
   1.7508965218068524     
   1.8396463062623865     
   6.0204602896273958     
   1.3304802104410109     
   2.2613929874879419     
   2.2411642177521665     
   1.0624732969937274     
   1.3994881450039776     
   2.7964483296718772     
   1.2797937620799003     
   1.7681130118412354     
   2.2726744337471585     
  0.81007477240942638     
   2.6722345297951913     
  0.69409341867179331     
  0.68126813359028238     
   4.7387724470272978     
   3.3882063144290524     
   3.4792876064409124     
   3.2203540786661495     
   2.8201665713127055     
   2.9393846313904843     
   3.4034084569558756     
   3.4696673113374219     
   4.3711518221293604     
   3.4484198537263442     
   3.4668488747392270     
   1.2925743928005540     
   5.6020432208169213     
   3.3467794485270717     
   3.4266432834471838     
   3.4552824073940949     
   1.5000861367518745     
  0.84839235859544537     
   1.8636003739422613     
   1.8935239808325539     
   2.7371601140424064     
   3.0110732627207857     
   1.5482745077508766     
   1.6535826750841949     
   3.9468206015098484     
   2.9985890298270639     
   2.3727128621890836     
   1.5436016270943327     
   2.4506029779127707     
   2.9440772655830343     
   1.3687737046909660     
   1.9556326951930507     
   1.9224667793324239     
   1.6986265165283270     
   1.6624912850841616     
   1.6641061129948793     
   1.7955170756896630     
   6.7547918774912645     
  0.82190720297947850     
   1.5583174345052566     
   3.4767698894463943     
   2.5209864139063796     
   2.0792109968913390     
   2.4063826133091193     
   3.1171579192494741     
   3.2093921805296386     
   1.5651627713284477     
   2.2221909907617206     
   1.7234315275469583     
   2.8089843221641630     
   2.3212006882143683     
   2.5221283695627741     
   2.5334662470036946     
   3.8827691038661660     
   3.7826670555839259     
   3.4075336877396740     
   1.9362762207756090     
   1.4770124247383711     
  0.83222152733350196     
   1.6869082916825309     
   2.6579626345522573     
   1.1603201825356051     
   5.6745361749716450     
   1.7261341880102663     
   6.8766275229390201     
   2.9873261938737663     
   3.8025838838481443     
   3.5553455811432002     
   2.9495186716834900     
   2.1942988580871625     
   2.1882238053630987     
   2.1494319312835701     
   4.0310005545686920     
   1.7194610591127344     
   3.6873593567497687     
   3.6598697488401961     
   2.3104786483678077     
   2.4590823838613463     
   2.6197083860236443     
   3.1442114042711995     
   2.0971573512067501     
   2.2993252557335055     
   2.3748737397704489     
   2.2368193206178355     
   3.9876121202681598     
   1.9527774545508536     
   2.0562465442360760     
   2.2139832013650875     
   1.6702565072337139     
   2.3128496560396719     
   2.1107307097246757     
   3.3908204405837408     
   1.3873204689210030     
   2.0638429878647666     
   7.9270277366782942     
   1.6403552451862642     
   1.7087266267298264     
   2.0868730966108466     
   4.2902695297265012     
   1.7442277932480008     
   2.7938071464333207     
   1.4496020708492334     
   4.1172211370849183     
   5.2962868421982048     
   1.0430939480026138     
   2.4031168972210954     
   1.1255175064025729     
   1.4585126215008637     
   3.2053233994663630     
   5.3386010695550672     
   5.3211505213936690     
   2.5184135332886006     
   4.6047075757363887     
   2.2144759480476166     
   1.6845209713587628     
   2.9571416588467692     
   1.6639760814797058     
   1.6380039648207543     
   2.7512742017659990     
   3.0095708195223723     
   3.6393965888917523     
   2.9822510023710098     
   2.9660702622979112     
   8.4343633875084905     
   3.7077385168909185     
   1.7144112477189009     
   1.5740680025764260     
   3.0385909957908690     
   3.5141709866321227     
   3.0007619568269233     
   3.4184576483841203     
   1.3804070423970369     
   2.9841106958242882     
   2.3610816577534286     
  0.79451620929332389     
   2.7491049435467207     
   2.0127055800110778     
   1.2940604079834710     
   1.2840956283122269     
   2.3625272878507237     
   1.6805215340551978     
   1.7675614718033736     
   1.7825845943570915     
   1.3199460586150322     
   1.9261777806762799     
   2.9498068581166765     
   3.2332842958145829     
   3.2161766681996755     
   4.0810572005592407     
   4.1409313514709272     
  0.82346269755146118     
   3.9451902911265035     
   2.2887421539099173     
   1.8826234160203916     
   2.2037094702343656     
   1.3692996938665085     
   1.5605599974363109     
   2.2688300087699447     
   1.9486317879017876     
   1.0538921379712407     
   1.1382928823444922     
   2.2804858996536645     
   2.3167405929460219     
   1.5658836948016734     
   1.8384729994254982     
   1.1212513045978196     
  0.84531049937794456     
   2.5532093496427648     
   1.7048304920317185     
   1.3486916834185274     
   1.3223339242191816     
   2.2936161562811472     
  0.89665171390952125     
   1.9360359812038264     
   2.1126543496709864     
   3.9616702667186217     
   4.0092170652137744     
   4.0775233654392897     
   4.1234140898087528     
   1.6954952195962918     
   1.9971280485571665     
   3.0787510018384974     
   1.6657217764090164     
   1.7317120521606990     
   4.0410951534360171     
   4.0301320337775985     
   2.3000106360460304     
   3.9848075709538091     
   4.0046567236269208     
  0.79510235182335398     
   2.6426580097897743     
   1.7257886185807774     
   5.2488980291371359     
   1.3684254562708722     
   2.5781933775725125     
   1.4083081601260949     
   1.4490755078673005     
   1.8601566043730395     
   2.0012741327588142     
   8.0734787420139060     
   2.1244132441880126     
   2.0156222858267903     
   1.1702234956461606     
   5.0765138261141072     
   3.2954987350851623     
   3.3162305999141233     
   1.8729802449196185     
   4.1882756129772574     
   4.2205229270225582     
   2.1542603800640636     
   5.0571296476506005     
   1.2609335115308085     
   4.3249915022650809     
   1.0496568270541042     
   2.8822357154271177     
   2.8851495392746038     
   2.4487620313820679     
  0.95919565888254144     
   3.1951968342621955     
   1.0449575760335135     
  0.86403019014055915     
   1.4853978844378959     
   3.2190870089736792     
   1.2370923592116967     
   2.0761213824835165     
   1.9829658646761186     
   8.5183809184874644     
  0.82380654492417471     
   1.8894532531072101     
   1.8754506961234552     
   2.2541943971759277     
   2.0711334492768265     
   3.3050198290224970     
   2.3299598224362037     
   1.3783438548765119     
   2.2403000718354504     
   1.4153738736085750     
   2.8071063578978257     
   2.8367173360415698     
   2.3228549477965741     
   2.9805107917242104     
   2.9584663855619047     
   1.1271265152714474     
   2.1479204309622912     
   2.1255439292195852     
   1.1759483927970549     
   1.8028275987033300     
   2.5113347984989947     
   2.1899210951224308     
   3.7098675980141151     
   3.6509915890326110     
   1.4700388126311332     
   4.8110890212666026     
   1.9819127947020401     
   4.2018876784509640     
  0.74094358226417745     
   1.2334015349058156     
   3.4923225611261932     
   4.0853046975896135     
   2.0833893682977718     
   3.2616226462509359     
   2.3888058476585834     
   1.6412709004634976     
   1.1633681782397876     
   3.1642851949879969     
  0.53540779081609680     
   1.4941152729886586     
   1.5180694416377891     
  0.91984667221339333     
  0.85270930520080213     
  0.92582766051909227     
   2.1293890539367091     
   2.1325710401345632     
   1.5515340902269583     
   1.2691980009014485     
   1.2953675254201207     
   1.1665849241559874     
   1.5084487291894102     
   3.1320111463188196     
   2.6914920734410837     
   2.5138051110514033     
   2.6938227009215145     
   2.1346418968966048     
   4.7141478374776797     
   4.7341344049796410     
   2.4594236807260526     
   1.6057679358512134     
   2.3657948433041533     
   3.7654105345534568     
   1.5950474609415759     
   1.6374957105143229     
  0.82875524105409482     
   2.0579596331354670     
   4.4045182461075987     
   2.3048137107929958     
   2.7651866355055947     
   2.9758180033991932     
   2.1178422545082394     
   1.6197449180938930     
   1.4589545900329468     
   2.0899168004629685     
   1.0850213894980660     
   1.6889207314548502     
   2.7008662314813821     
   3.1764430603269203     
   1.4317339767563182     
   10.026371929628555     
   1.4988322477272968     
   1.1257125040893272     
  0.67402976415525684     
   2.6479969534716550     
   2.2952884773367423     
   2.3828595539195661     
   2.3446621100790956     
   1.7625923545357667     
   1.0996531743200939     
  0.87366903937797513     
   3.1216532771704846     
   1.4751564691437602     
   1.5899506238151431     
   1.4625597524412235     
   1.4975124082961850     
   3.6316456985296752     
   1.5923890727285832     
   2.1550085309374132     
   2.3270517646085138     
   6.4816802832709737     
   6.4980574094910217     
   6.5453009141522767     
   2.6660859854069550     
   2.2517210701398498     
   2.8544450312901630     
  0.59067174408058132     
   7.5331820526129594     
   3.3285993430960263     
   3.8397631125797322     
   1.4837000619666365     
   2.6318895935302615     
   4.7981692446954565     
   2.9871371580597632     
   2.2633033389665784     
   3.9240238792443929     
   2.6863825091356461     
   3.9128407104382568     
   2.0045424515290056     
   1.1401932760735480     
  0.74364958037208195     
   1.4813190996392291     
  0.80812817262118208     
   2.1538338854885826     
   3.5886436505129877     
   1.3500504009349719     
   2.3323774214809783     
   2.9603987713562665     
   2.5739379329325400     
   1.8278585932984586     
   2.5880965102954891     
   2.5791336749176206     
   2.7074197057090990     
   2.6993842932188561     
   1.8644826128595282     
   3.4206246776810580     
   2.6108130760995683     
   2.5920895245325624     
  0.82708718646757418     
   1.6819855171141718     
   4.4075751825321827     
   3.6995039317481528     
   1.5374052695934519     
   2.5980088901921077     
   2.6471907146886688     
   2.0626058312089701     
   1.6643693700951674     
   2.9163607503610574     
   1.8667269485893416     
   1.7474197720601150     
   3.6263395849107667     
   2.1699379034476718     
   4.4658114408388654     
   2.5555259856396910     
   2.0442697541133570     
   1.6584396775318753     
   1.9890288261445481     
   2.2931395591166561     
   2.3383782606475667     
   2.4989362948743130     
   2.7870870829130046     
   1.4738048207764669     
   1.5088287251191741     
   3.6521352160921392     
  0.70075443625080858     
   4.9071604920876961     
   3.6013750918938658     
   3.6481402370703604     
   3.0035673036279613     
   1.4038522095324222     
  0.83364457709852258     
   5.2908119443415451     
   2.1908579526656773     
   4.3460750923585376     
   3.1846980327500507     
   1.8956562132619070     
   2.0046672015448936     
   2.1513865722330241     
   1.2445120027646861     
   2.0037829504944593     
   2.4299883912733087     
   2.4483264825155961     
   2.4052806454860631     
   1.8693200760115778     
   2.6823836327980017     
   1.5480446266085968     
   1.9802584858886030     
   3.0241041640875954     
   7.3922184198443315     
   2.1290749407992497     
   2.1532306567163859     
   2.3542731781814465     
   2.6646566809863756     
   1.4464210317579924     
   4.5701684450231310     
   3.8847997029183698     
   4.2465043217892555     
   3.5355014210946671     
   1.0800406560906968     
   3.1598548486430107     
   1.2248799660854048     
   1.9544291996076568     
   1.3149656016992106     
   2.3725881456804596     
   3.3802611049804838     
   1.8077288374014440     
   1.6595514801834075     
   1.6530127529888241     
   2.3927852553461335     
   10.149181092948510     
   10.167533445062874     
   1.2663890830395672     
   1.4375157863512920     
   2.9677037633132977     
   1.4077921087518386     
   3.3768434031747225     
   3.4260251792256553     
   3.3692262287140133     
   3.4755135071053820     
   2.2427901965129569     
   1.2393013609367294     
   4.5663895622520974     
   2.4355904339690229     
   1.5311241991741786     
   6.5076550623832148     
   2.7482779907649242     
   2.7038779339039811     
   2.4056605686560846     
   2.5006720947785399     
   2.5082274519331853     
   2.5409305794821773     
   1.5324010881972321     
   2.5052635016830678     
   2.8804899551026004     
   1.4222199885705880     
   1.4547610680957397     
   1.4529554917275498     
   2.3466622655455791     
   1.2670107673280462     
   4.0057271341969489     
   12.419765722801014     
   1.1724058512787621     
   2.3695864860854803     
   1.9001904352910892     
   2.2163555209056436     
   2.3704487017877258     
   1.9337115191710221     
   1.8851037027377171     
   3.0422554376513755     
   1.1679339111243885     
   1.8795679654632726     
   2.8032005248108853     
   1.1722562691788545     
   1.0328973527073808     
   1.8514390713120470     
   1.7602801802078458     
   2.4431662449980673     
   2.3885971297976196     
   2.6403016626918507     
   1.6487433233556017     
   6.3635356612929401     
   5.1893116699198645     
   5.2662148536786644     
   7.2535217430085810     
   7.2637606948136471     
   1.4479268860601573     
   1.6731191167808144     
   2.2518719146922304     
   2.2970756554101475     
   2.3117278056426422     
   2.2997533464412454     
   1.2058669627469394     
   3.2368030375049490     
   3.1250865435490103     
   3.1216871954499696     
   2.8907688362600998     
   1.5308075797489451     
   2.5345098919755236     
   1.3377228762267528     
   2.0030267031010576     
   1.0524722793204166     
   1.4819249610346137     
   1.4298055731234218     
   1.1681666057005884     
   2.3220050857846299     
   2.6396844819019027     
   3.2008695273037238     
   2.7827433760573239     
  0.69169528491232091     
   1.6223153044461911     
   1.7133030221533843     
   3.5074004290354397     
   4.4638190243054927     
   3.4780387244863191     
   2.2074702058814699     
   5.7566469784418128     
   2.1688803438558990     
   3.3567587547387312     
   3.1092096476452182     
   4.8886239563523599     
   2.6231338951442287     
   1.7402356537355010     
   3.4802432238400178     
   1.5934560041095440     
   3.8370172238623939     
   3.7675519818384320     
   3.1774539393926720     
   1.2115939985198911     
   2.8801516928157800     
   4.2853023917670727     
   2.7745858024935566     
   3.6856355135198093     
   1.4766124334625725     
   1.4583192320626830     
   2.9868095364212923     
   1.5819068317924267     
   1.8749098853808057     
   2.5988018226309260     
   1.9351703471350190     
   4.5612908968006236     
   2.8415300396426746     
   1.3872609254231441     
   2.2570566168603436     
   2.8448922822768092     
   2.8771674030939050     
   2.8783566729318610     
   2.0734691215735230     
   1.0911062390000310     
   1.1415615661282488     
   1.7612315374884147     
   1.4780165703866337     
   3.4406215164754852     
   3.4225586031341999     
   5.6288785717890057     
  0.92829815475699373     
   1.9449998095415197     
   2.9274386184368284     
   2.5597297386493598     
  0.80947106111727973     
   2.3084813507251813     
   1.5644147781876243     
   1.7020586537784645     
   1.2931274669172301     
   3.1137590372626178     
   1.1429770840490510     
   1.8896878341154804     
   3.1583917319817694     
   1.9765060375544052     
   1.9260898323366329     
   1.9838795923829440     
   2.6111295589816037     
   5.4761135247921731     
   10.115359807446145     
   2.3428489004254622     
   2.4985721937708893     
   2.3547478782938218     
   2.7284583603700576     
   4.2403826862658924     
   2.0605570538392657     
   2.1507519643028719     
   3.7636255154671034     
   3.7288203693914284     
   3.3921795472145679     
   2.8656117277135791     
   8.8868722112960761     
   2.4662698206740501     
   2.4570795646989869     
   2.5252077453519224     
   2.4918659464677719     
   2.9518930606015048     
   2.3765230111688131     
   1.3924933885438067     
   4.9288331183279848     
   3.3496474621421508     
   3.3503373843567301     
   2.9087812400954536     
   3.9962665051356243     
   2.2408259330178359     
   2.3115722979942750     
   1.2277330990875110     
   1.1738557648721277     
   1.8136944148579637     
   2.5994407291689416     
  0.79897590656815209     
   3.9274183512541354     
   1.5897492972679941     
   2.4095297881323865     
   1.4175493971406945     
   1.2285181565578183     
   3.4824126149954688     
   2.1822799574624887     
   3.8651737798068586     
   2.4133780232792037     
   2.6138260465806313     
   2.8640336289750339     
   1.8277169998134057     
   2.7201854809008617     
   2.7285347170677547     
   2.4562990161693188     
   2.4706464050126526     
   1.8430165536705168     
   1.8348742921707304     
   1.8443832150342143     
   3.0777977644621837     
   1.5093138326235052     
   3.3060972408127953     
   3.3180291455548461     
   2.1341009419757988     
   4.0688617461293219     
   1.1579190577852467     
   1.1172982395067907     
   1.2509752911361673     
   1.1778273498057683     
   2.2542843123064040     
   1.9050321264769063     
   1.9197728642497724     
   2.4793687442684851     
   1.4357754670154947     
   4.0252420393906290     
   1.8381937137961606     
   2.5584266674666751     
   1.3198930106819995     
   1.3924518825392636     
   1.6564684530546983     
   3.4551754155137431     
   2.7067035728117719     
   1.9208635888418537     
   5.2438738384847960     
   5.2944431198585642     
   3.0030432069287065     
   2.9755710785755598     
   2.9524539708445441     
   3.4274982467254320     
   3.4992294309738328     
   3.5018217520723240     
   2.8786019856882321     
   5.9199334335573530     
   3.4947020586226407     
   1.4782892838177921     
   2.6459474034200756     
   1.2317932242079721     
   1.9520352880964833     
   1.9880782972371778     
   2.0046111542934413     
   2.4539885197731910     
   2.4530006382470826     
   3.0836515772834714     
   1.9928990833009124     
   1.0832150308326218     
   2.9942694535441019     
   2.9419815279829038     
   2.9544469819404400     
   1.4140849164762281     
   2.8554812174958952     
   2.0588890976371474     
   1.6463070337180272     
   2.6459620869819540     
   1.4032393903237719     
   2.8198310347114575     
   2.5107004954177699     
   4.9264705976935508     
   8.0539731958025627     
   2.0550852884865942     
  0.90069932639646622     
   1.6100091704234440     
   2.0080894213339961     
   2.4230205722307829     
   2.1216317251369827     
   3.7679506547494084     
   1.7684287850542451     
   3.6490947518785943     
   1.5260757210933786     
   1.4737856069715256     
   3.0901398429221545     
   6.5208122657407452     
   1.0823577702318439     
   1.9948845095487706     
   1.8414364484372110     
   3.9752308134783609     
   2.2422742526699664     
   3.8067673122022581     
   5.8932457471732667     
   5.7551739565194575     
   5.7926516242387178     
   2.5425770059719617     
   4.4431664917911107     
   3.1347805660576178     
   2.8268255076690911     
   1.8485861051147976     
   1.6045478452597035     
   3.6847513947202613     
   3.7022572749154699     
   2.5487424889521990     
   1.7947268908747678     
   1.0310929711271299     
   2.7737187215694457     
   1.7154600074550521     
   2.8572448563156301     
   1.9356108142291828     
   3.1072762670750982     
   3.0095574749417096     
   2.9931261086131280     
  0.95339627316590647     
   2.5709454148173418     
   1.2162188748047686     
   1.3359949642393536     
   1.5740611677558358     
   1.9183431242855087     
   6.7347152029396504     
   1.7274945419971601     
   1.2492717699163505     
   1.0792471996604294     
   1.8459548018476568     
   2.6815412940292793     
   1.1544792967317254     
   1.3781618859804128     
   2.7559889138469016     
   2.4949680670992764     
   6.0649832943749118     
   3.5996383768291973     
   2.0253433147609581     
   2.0585414402401616     
   2.4953749634449598     
   2.4677669412564858     
   2.8381861053822020     
   1.8434238493475035     
   2.1595432593951305     
   1.9591777498408274     
   1.5306793248752448     
   1.5853028543118357     
   1.4851896388865544     
   2.5889157491520813     
   2.5715439694158273     
   3.0118661033904774     
   3.3662825682126698     
   3.2849513400686035     
   2.2159164146485466     
   2.2897595092643250     
   1.8640417416697983     
   3.2316522678375676     
   4.6350610662291967     
   2.4941004377611877     
   2.2926055425525864     
   1.6038318327564596     
   1.6355209572143417     
   1.8281412383433022     
   5.7512802877998617     
   1.1982972571925383     
   3.9122700072775176     
   3.2050506689284433     
   1.3111402320351664     
   1.6303466463956928     
   1.7787974561563022     
   4.0222857696155314     
   1.8390387278827613     
   2.4087030854426716     
   2.4896807761287079     
   1.5727099915980112     
   2.3891426094754533     
   3.6245242099187784     
   3.7103760615997126     
   3.7681425964783135     
   1.4697179253769732     
   1.6442752697480503     
   1.7119562522956508     
   3.3652864731722816     
   2.1490684879448629     
   1.9703690432648038     
   4.1474035892020940     
   2.7095506567747059     
   2.4275199432983525     
   2.8816775262472545     
   1.7251924270235450     
   2.9938842488254171     
   3.4997551773465867     
   2.3243819659365705     
   5.2030428373770317     
   3.6568141096038285     
   3.6061208721571516     
   2.1249615371676804     
   2.0782754409306845     
   2.0328478820019895     
   4.1574218363175159     
  0.99751384106622087     
  0.99590678512988073     
  0.81537625717709483     
   4.6257441384185176     
   1.8458933249059393     
   1.7888898390142789     
   1.8470272802187502     
   3.0680844879273028     
   1.7700379138398581     
   1.7032208484910609     
   1.6044787257235491     
   3.1761929995485931     
   3.1916677775492106     
   2.1033878085773483     
   2.8205723814797650     
   2.6340978149263670     
   3.4258630733724775     
   1.3127628268946561     
   1.3026310183420919     
   1.3804988996394658     
   2.4890391320258241     
   1.7337418925324339     
   2.1194205905466728     
   4.1782527188996141     
   2.6070642660411179     
   1.2469066376482070     
   2.3861144913747996     
   1.5139753735967860     
   1.8150098045324696     
   1.8772707156178128     
   3.7709068004804158     
   3.4410013385546807     
   1.0609950243520523     
   3.1056057588067021     
   3.0771864948520689     
   2.3938375148171107     
   3.6010829433668698     
   4.8443352732845586     
   2.5956332949517633     
   1.7310727149516798     
   2.2811460775967212     
  0.97801062499728497     
   5.4128529799365834     
  0.79674594611736305     
   1.8248348022662595     
   3.6285579530578511     
   2.6052567871475674     
   2.6295712802861413     
  0.95548843749426859     
   2.7005222656329821     
   2.2172699115708929     
   1.9831097992144555     
   2.1501412108861557     
   3.0387032954833240     
   2.0523197380490621     
   2.0503871894609138     
   1.5212585850171148     
   2.2064808465236529     
   1.3965701883515858     
   1.8095591776931761     
   1.6422942844524324     
   2.6493812386743918     
   1.7359142219643762     
   1.1744845303508666     
   2.7350143310911785     
   2.3233614160719696     
  0.89180832480059935     
   1.1137623554070688     
   2.1768983871466845     
   2.1712224819551835     
   3.5337627174793562     
   1.4125864471501617     
   1.3628458361784728     
   1.4777214828504608     
   1.3359182941978891     
   1.3377715107602599     
   1.9850279497608996     
   1.9967332983880204     
   2.2916875340462401     
   2.7178307625575400     
   1.4023428802048823     
   1.3654279444777540     
   1.3221212989029942     
   1.6294132988382375     
   2.4212634575515826     
   4.1710525222770469     
  0.99889775321942087     
   2.4154836372913455     
   2.0305792452707219     
   2.4501248818904084     
   4.7799506949092425     
   2.0084831117987210     
   2.1996804227175133     
   2.5950503864859820     
   1.8431852393709447     
   1.3307525351623237     
   1.6492364376451520     
   1.6616557835273860     
   2.1976872743748936     
   2.6709506069842850     
   3.0942295546255161     
   3.0875413995241727     
   3.5443750531849108     
   2.3228529745593982     
   2.4216150811606902     
   2.3060285891822718     
   2.3284959204420077     
   3.9250771948143388     
   1.0680788721606409     
   2.0471518291342998     
   2.0820899500875085     
   2.6421725667999021     
   6.2089772281392461     
   1.3394166615864986     
   1.8038918677865632     
   2.4399856796191068     
   2.4045412892009796     
   1.9437058195299524     
   7.1370661707881178     
   3.1715204857209702     
   4.1451908716882162     
   1.8516049096654266     
   3.1317616870268781     
   2.0186527078812122     
   2.5489633663968250     
   2.4588038396111100     
   2.7823496696186649     
   7.4618757263105406     
   1.8091330949364752     
   3.0578909277734718     
   3.1322591557990211     
   8.9305798053271452     
   1.2110159723649809     
   3.4399714310686091     
   1.9109351450500924     
   1.0410743505733715     
   2.1251695979936893     
   2.4994626937900826     
   1.2483876014749538     
   4.0378330042616479     
   4.9516875330057237     
   1.2408527912251808     
   1.3844897220433316     
  0.80435421900686843     
   3.1736763881479368     
   3.3181678078783321     
   2.6156706554520079     
   2.6215416975416095     
   3.5259913822636224     
   1.9747146831205489     
   1.7238746118753485     
   1.3717711663448124     
   1.6346251274733641     
   2.7526492976270931     
   1.3081373739077009     
   2.8141430820560576     
   3.2237515346141876     
   3.2020339867016516     
   3.1129734415174415     
   3.1766503816014748     
   1.3330782989832055     
   1.2367770218937313     
   3.8225741806529414     
   1.8235334721414325     
   1.8099178645340377     
   1.5164838077057532     
   4.4761377431353226     
   4.4102858938597027     
   1.2527724365305495     
   1.5145915841155044     
   2.9971647292718022     
   1.6593573504835473     
   3.7876670440093352     
   1.5500290255319737     
   4.2044834378390563     
   1.7552769131513597     
   1.8240086645915246     
   2.2612952916611184     
  0.54811935962862601     
   2.6766412006785658     
   2.6676968316867256     
  0.93818440628453925     
   11.064843330841889     
   5.0101773872074844     
   1.8783919734003132     
   2.3323808353679523     
   3.1025246241783426     
   3.0350088154099333     
   1.6290478627546083     
   1.6387238809737175     
   2.6645789289710575     
   1.7622879837422525     
   2.3560425240357454     
   2.3306218383772754     
   2.2742054789550465     
   2.7841774545245368     
   1.7461400585139895     
   1.8014292822004743     
   1.0753285391397402     
   1.7194972631378926     
   1.7225396466145209     
   2.5191774366717117     
   4.4764530053994713     
   4.4029179299987398     
   1.4666883753879900     
   1.0418729732404599     
   2.5399236445477782     
   3.5865544457115321     
   2.2066036123389199     
   2.2726831312579567     
   2.4374460722596725     
  0.83785673637182700     
   1.0525733284089902     
   2.0802858727519453     
   1.4222360951666830     
   2.1723510814162021     
   2.1379402526367990     
   2.0684073203465307     
   2.8114401328640066     
   1.5174263431502577     
   5.9251645086804157     
   4.6956577435754623     
   4.6660915450693592     
   2.7247038208371066     
   1.7084223978346460     
   2.4750788707269100     
   2.8303489048375807     
   2.0820384622814410     
   1.1137324072787540     
   1.2335486758737630     
   1.6290244393791500     
   3.1066377369530462     
   3.0520394931930586     
   1.5823589606841550     
   3.1910162050788888     
   1.0740453472492280     
   2.6119509903572595     
   2.1796956408527954     
   1.8764324616334511     
   1.8443780264071989     
   1.9082598404363238     
   1.9338833874274290     
   1.8633130672436957     
   2.5767842123637426     
   3.9519224029282798     
   4.0922642394275828     
   3.8677502830754955     
   3.1865513078116123     
   1.7312402861530429     
   1.9941334679875793     
   2.5951202921909293     
   1.1849458505481603     
   1.5372660268666902     
   2.6226340283365661     
   2.5996290502777462     
   2.5044077891038250     
   1.6019090814754275     
   1.8545764413500387     
   3.6204666190509451     
   1.6144238034653084     
   1.4073605477845597     
   1.8511936264701656     
   1.9073012666187503     
   1.3987262956071123     
   3.2708085424884707     
   1.0033982117058855     
   1.6577690597351713     
   1.8973996447381067     
   3.6852949726350439     
   3.7237268358797122     
  0.63802115740935950     
   3.8952436649817797     
   1.3521616956049232     
   1.7286556836374525     
   1.7378537069398787     
   1.7009940276628521     
   1.5772415835015932     
   1.4693283764803238     
   1.4153145069487962     
   1.4396360722330077     
   1.5163557298837371     
   3.1989969472885709     
   2.4708020360984180     
   5.3874870468364344     
   2.0367683087199535     
   3.7896008293526200     
   3.8310591861006498     
   1.7677582442201254     
   1.8033522657035959     
   3.2244811885699689     
   1.1032301279290866     
   3.6936876882810807     
   1.9577502265970068     
   6.5003778130529106     
   2.6896200568155595     
   5.4459163800211172     
   5.6860486526057032     
   1.4952165220753046     
   1.3908568414103246     
   2.9001286970798481     
   4.1013539958612819     
   4.1885898000580104     
   1.4259553503634321     
   1.3749399256064472     
   2.9137795586610697     
   3.1223099017733085     
   3.3025794830194566     
   2.0211317325867637     
   1.1254497387606963     
   3.6586839782016507     
   2.2919380551174622     
  0.75875802019270477     
   2.2505623593497277     
   1.3483095565118342     
   3.8064613966221037     
   2.7041152217204636     
   1.8091364673303274     
   2.6873240592278491     
   3.3132997338270616     
   1.7364637942568293     
   3.2133401960347858     
   2.2882340955312110     
   1.3188874061819182     
   1.9992869054520623     
   4.9422021581648794     
   1.1808798510416836     
   2.1301199287369252     
   1.3730305166393781     
  0.94742391651171864     
   1.8957874722484493     
   1.2134366554661191     
   1.2791354652704601     
   2.4791967781406745     
   2.8548216583980675     
   2.0177427299057120     
   2.7097239400400386     
   1.8277123644256634     
   2.3572670640178992     
   2.6043071930622586     
   1.5021685738756079     
   1.5791252362777728     
   1.7823001678130845     
   3.8934918436510659     
   4.0822707732436170     
   3.3613162675153903     
   3.4880302319824676     
   2.2882389899510676     
   3.6164984465064194     
   2.3522090779128604     
   4.0717029841602592     
   4.0817594054439255     
   1.9738286684376525     
   2.4167127292250927     
   1.3375000491363678     
   1.3163452952435071     
   2.5875273743766924     
   2.4423949717846600     
  0.96305945114621039     
   5.9385140556122327     
   2.4580842818998963     
   2.4919550753702251     
   3.1305402374300200     
   1.2457301290064093     
   3.2990896098082434     
   2.3981155585063694     
   1.4186103854096590     
   3.2413198793022482     
   3.2730457910922226     
   3.2846223089590856     
   3.2203425336766451     
   1.5133558815324832     
   2.5628472879891766     
   1.1831140281006258     
   1.7023426386483915     
   1.4726294695009949     
  0.96452424401523551     
  0.70269996096169818     
   1.8651748289895169     
   1.8286239059891056     
   1.0347560562957754     
   8.1970294167812519     
   8.1978010433079191     
   1.8476957613142977     
   1.6399335882468606     
   2.6459330556400977     
   2.6491299059472095     
   2.5833171343460744     
   3.4377093053284882     
   4.1505844298292303     
   2.7139999604582767     
   2.0147401085521182     
  0.77485019894509721     
   3.9023001256832188     
   3.9584228988237857     
   1.0966760050751723     
   2.8866668078984787     
   1.4691358061038007     
   1.5456443654076135     
   2.3727759120757170     
   2.6181705060143940     
   5.5767219500570473     
   1.2886975294173491     
   7.1528946771196757     
   7.2435098974067138     
   1.6483306732219234     
   1.9493380321435674     
   2.5128125218763819     
   2.4691481851639789     
   1.9356037188565232     
   2.5875248493198981     
   2.0840979064033065     
   2.0548067369114240     
  0.81429478782700682     
   1.7251940550823499     
   1.8635687685809701     
   1.9101107869001051     
   2.5993696215414790     
   2.4181062813420224     
   1.5975498753684776     
   1.7432722387705029     
   2.3009669957835492     
  0.81381887281822729     
   2.3050793468642907     
   2.2661770211062726     
   1.7710258294259293     
   3.3855214310389328     
   1.5349129138471842     
   2.0432341639522384     
   2.0988032806081414     
   8.7428839329620391     
   2.0170800176312027     
  0.72254786318904896     
   1.4942161197101400     
   2.6351369520852179     
   2.7426117219779709     
  0.80600593218453909     
   1.5053998576726826     
   2.6786683779033056     
   1.4893153626545985     
   6.2742256701951051     
   2.1162722213809899     
  0.73410296755978299     
   2.0249265229284830     
   1.9879268480604078     
   1.0073707554053815     
   3.4855336734203948     
   3.4460509403154140     
   10.059558414903316     
   1.6034417459789896     
   1.6757287050622789     
   2.3060247678774153     
  0.83561026267726457     
  0.90369195521524004     
   1.6320126172768956     
   4.0412346409443929     
   1.8325358812556782     
   1.8221520648040561     
   1.1271367169210043     
   1.7128203629905736     
   2.4286447607635520     
   2.9568191179461993     
   4.9585674969351698     
   1.7024145623369342     
   2.5011648072855510     
   2.6588668613586055     
   2.2052031782684272     
   2.1295614820358844     
   2.3390310182155174     
   2.9835718729741001     
   2.7822204507384614     
   7.0394438768627730     
   1.2835666602962912     
   2.0315709987466803     
   2.0132300889110466     
   2.0289960918192489     
   1.6131045297949813     
   1.7991925314804731     
   2.8497200440702222     
   1.4292288612634632     
   1.4262975868115768     
   2.5833216559835677     
   2.6967873850770157     
   1.6899559386389358     
   1.7466272411645427     
   1.5811225788406167     
   1.1083525722458849     
   1.2451876308081171     
   1.2746741389826681     
   1.4221253540567571     
   2.7972137144865452     
   2.1876066393814573     
   2.2893229557676418     
   2.2487323238277512     
   2.2149371435703373     
   3.6461193858493193     
  0.98243313872883264     
   1.3800378500471788     
   1.4040004644436097     
   1.7204557549002777     
   2.0705115671010859     
   1.9177581149126761     
   3.8797374931469073     
   1.9700676075670887     
   2.9468031666581367     
   8.8855870707218116     
   1.8854543210698180     
   1.0244330768249945     
   1.8062484179840737     
   4.6520704547584382     
   1.0889851789980682     
   2.6783485237186180     
   1.2533126953477873     
   4.5241201509311724     
   3.4352202924881885     
   2.0311103423954036     
   2.3133563782685251     
   2.9944292711947282     
   1.5779125336976105     
   1.6020366255735761     
   2.3220078073501247     
   1.9529174502496935     
   7.0128395273156610     
   6.9975992438041761     
   2.5700498216920562     
   2.3560787673530394     
   2.4027472826857084     
   2.9326731927680778     
   3.8931693982336397     
   1.7381292884201847     
   3.3029680844951272     
   3.9268800735573883     
   4.5439863173502903     
   1.4905177668366310     
   1.5233641917071827     
   4.1849966367994496     
   2.2419895904621163     
   2.2132631852029752     
   1.1426513228145656     
   2.9510598727068698     
   1.7579934346084420     
   2.2241932308604992     
   2.0792291057317698     
   2.4226786366628086     
   1.2293619749032558     
   2.3007190349858218     
   1.6578827357655919     
   1.7310184730870202     
  0.75114849219957991     
   7.7601796661175495     
   3.0894689632983798     
   1.2163802934901975     
   1.1985236827798478     
   1.9480353214290356     
   3.8227158475350000     
   1.8124302779467523     
   1.8696426388994827     
   2.6042825940888354     
   2.0467984266604127     
   2.0285609971408736     
   5.1909081164268320     
   2.6162145623640227     
   5.1725746121403331     
   1.3425924003541030     
   2.0229480436866636     
   1.6306965383721079     
   1.7331943487043560     
   1.5537061748619281     
   2.3437983844413703     
   4.1684984257560975     
   4.2517552126926166     
   5.2167239540704360     
   3.1224930957694053     
   8.5125999495632314     
   2.7663231688065202     
   2.0031244173376761     
  0.87661738725381921     
   3.5191284753860184     
   3.5408808353115355     
   1.4779053129628805     
  0.76949640669025376     
  0.97537751290526309     
   1.5828962604922288     
   5.4615882171732251     
   4.5480540713050557     
   2.0983072703787982     
   1.4363684557592507     
   1.8282008373781571     
   2.5790292086118964     
  0.61772115635855152     
   4.4946747003339738     
   2.6551151436129943     
   2.7280895039324777     
   2.1153309189001734     
   1.1340599843584869     
   1.8455909486508668     
   1.5672730864291942     
   2.3578753551574243     
   1.4943630630071569     
   2.3306552748522185     
   4.4776410057600291     
   1.6485821445238076     
   1.0498973503879876     
   2.7857122878257079     
   2.7183250659472784     
   2.4069402105404460     
   2.3673045709833640     
   3.9044998513610332     
   2.5490467435784478     
   2.1095606343444842     
   2.1101422744849350     
   3.0353910969556233     
   4.4942201228144203     
   4.4849312449228398     
   4.7353461743144329     
   4.7889914384166490     
   1.6189881005493600     
   2.5867828415079197     
   1.9505219604718718     
   1.9436660786666462     
   1.6249758459442987     
   1.5334237558090429     
   2.8905156744148917     
   2.9413057171966970     
   1.2353755460004512     
   1.7600823366553795     
   3.0442672875675649     
   3.7796670567483037     
   1.7352421615465223     
   1.3866879076659397     
   3.2323387370016716     
   1.0187596331615973     
   1.3354539171056072     
   2.4858160438359103     
   2.6567908300973402     
   1.4091212240528490     
   2.4104034513211841     
   1.5106458456322698     
   2.4886308565238142     
   2.4959674965512284     
   8.1303049898526005     
   1.1896665203697043     
   3.4281829477671528     
   3.4523206303942877     
   1.1485419322745163     
   1.2158266548900107     
   4.0418881264295790     
   1.2498378727557233     
   1.2437134453505778     
   1.7339040264808356     
   1.6215258918764861     
   2.1874763721801589     
   1.9587272612654347     
   1.6017049232074803     
   1.5915499632219718     
   2.5565790557183021     
   2.7868789195940176     
   5.2007598342566439     
   1.6322351826791881     
   1.1558473331978443     
   1.6298038586120200     
   1.6331819181898388     
   1.9175643602259738     
   1.6247420449788859     
   1.4343908287397842     
   1.1121312593719199     
   6.8419173852355355     
   2.5009490091475546     
   1.7472364477599136     
   2.4022170466060766     
   2.2639642267228446     
   2.2748509609244754     
   1.6881092429469862     
   1.4273793624014723     
   1.7576107620495769     
   1.8052068672751898     
   2.4411964806757420     
   2.4595214432382466     
   1.1260154212468070     
   1.5168103121353409     
   2.5317055140928324     
   2.9904518007630760     
   2.1302880441393492     
   2.1664183405555315     
   2.4212627543448231     
   3.7586807347387272     
   1.9819085808683419     
   2.1341678387876684     
   2.6186476034085446     
   2.3817438833925970     
   2.5824859051762417     
   1.7627218881381657     
   2.9085069176567790     
   1.9598490549015068     
   3.0999213966278090     
   3.1320312585582486     
   2.6650149402110070     
   2.8344481434561324     
   2.4899017613374386     
   2.4281431227431263     
   2.1134091213641311     
   2.1205258529846209     
   3.7927764324878921     
   3.7774817998357775     
   1.1918733643287105     
   1.6581032896321819     
   2.5377788574121283     
   2.8210276442171294     
   1.8081498362382578     
  0.64591594900843996     
   2.7311212057275567     
   1.9312544131011209     
   1.9660793183730749     
   1.5446945202215334     
   2.4574530880825551     
   3.9915595999686797     
   1.6117700877475729     
   1.6201127011999688     
   2.1315186898615210     
   1.1271338649836524     
   1.5971688888164433     
   1.5912858000625221     
   9.2393735248923488     
   1.4694328943679307     
   3.2555339562987062     
   4.0041474448390737     
   3.2981738444346806     
   3.3614904975412534     
   1.6667469238895849     
   2.4612369358439561     
   2.4209247706775390     
   2.4292461010724589     
   3.5307985171941887     
   2.9685541683187564     
   3.5171998594324840     
   3.5581600623592085     
   3.5233410587646841     
   4.3010267173295267     
   1.5601183670482506     
   3.7796512931823782     
   2.1397527385974398     
   1.9939547775651556     
   1.1537561233723141     
   1.3312651667809055     
   3.7842999199681153     
   5.0436160184116066     
   3.6841909488927138     
   2.6326429768678019     
   3.0950422294702840     
   3.1536380771361263     
   2.5890294337070263     
   1.0726837787504619     
   1.0925106253847892     
   4.5415320231237857     
   1.5340310654873972     
   1.6097901181928618     
   3.2502738153931086     
   2.5599278768405394     
   3.6640910253238119     
   2.6873430421606121     
   2.6740496788687165     
   1.4249348968269588     
   2.1202076167343611     
   2.4155306635671621     
   1.2484133340014287     
   1.0774122503383565     
   1.2204166169214314     
   1.2089102474976607     
   4.5604061661792255     
   2.2256411986842703     
   2.2618368711153467     
   3.3136419928273200     
   2.7033385084744186     
   1.7108459676020389     
   1.7299821610352930     
   1.7447394088174071     
   3.1819136474451448     
   1.1985916081217152     
   2.3715103893239653     
   1.2668288480029644     
   1.1232669177029015     
   2.4836659536556263     
   3.7318639742314836     
   3.0279454516757776     
   2.5357195331153424     
   3.0244786510571737     
   1.3672622908328336     
  0.96611328924081052     
   2.9218631712285799     
   3.7079375274305169     
   1.9551577565342708     
  0.92052859010089672     
   1.2577495879778384     
   2.0482262342724029     
   1.9918432103611938     
   1.9223750146816543     
   1.3122397637385566     
   2.3006211982389750     
   2.8455307643007473     
   2.9468135277071372     
   2.8874946446248595     
  0.83294839048293112     
  0.89187154176937677     
   1.4828407285461251     
   1.5068349200038009     
   3.0741166706552505     
   1.8750956497603755     
   2.6214362361616304     
   1.1825115249528764     
  0.72883984180552064     
   2.3379527453109823     
   2.3628055268739847     
   3.1633435539840744     
   1.7272017660808894     
   1.7790019226323572     
   2.4624711012245051     
   1.5965300641438394     
   2.7444087415249681     
   5.9036438995958340     
   2.0391646078204020     
   2.2887428266469918     
   3.0819171124886737     
   1.5620965529766340     
   1.2214186994251330     
   3.0073000033892261     
  0.70911746259762842     
   3.0294658374186505     
   2.1962244399017088     
   6.7681507288644944     
   5.3172844337129170     
   5.2884782787868563     
   2.9736467776591917     
   2.7694975855180419     
   4.2015713549925033     
   5.2773190278530349     
   3.6057583152730617     
   1.9437242073016971     
   1.2837577810266974     
   4.0010586402587354     
   1.7417715875559583     
   5.2488920956910405     
   1.9784314823607601     
   1.5671515746081972     
   2.9792530094535805     
   1.6290035772687106     
   1.5444199190318988     
   1.5050600442958622     
   4.0103485518223332     
   1.3066913013317261     
   2.6737781822754272     
   3.2518740331240550     
   3.2675907374434519     
   4.3569051012707209     
   2.0514170388221964     
   1.6327319192133365     
   1.6434128813752986     
   1.7480519997092865     
   2.3764932154411755     
   2.3425961276052729     
   2.2837238126585242     
   2.2750112277233536     
   1.5477921867357414     
   1.4982224334298826     
   2.1518687146829012     
   2.1102266512874737     
   2.1098723453026946     
   2.3673777975603247     
   3.4080305150078520     
   3.9448822052670498     
   3.2359636011109214     
   1.7223493863560144     
   1.8988611767946055     
   2.1454759387840050     
   1.2340849255548871     
   2.6596580580698226     
   2.6963308458869917     
   2.0677238870041834     
   1.4231645755412838     
   1.4089980280478243     
   1.4636294429136048     
