   1.5800869878568895     
   1.3650286382022274     
   1.9204793709140009     
   1.8809760294323878     
   1.5124931378228321     
  0.81414628166285885     
   2.7683814613148376     
   1.4840303063374729     
   2.3999338985033885     
   2.0629329573380137     
   1.6662167196730064     
   2.2335537729986337     
   5.1209703443738599     
   3.1501401065939421     
   1.0592297756589879     
   1.5556225851382663     
   1.9752919334411330     
   1.5910563461311160     
   1.6963361294601336     
   2.7340256380563073     
   1.1526235655444634     
   1.7281747483089422     
   1.9402596859889127     
   1.6947815967045285     
   1.1798120199663120     
   2.7271047629670653     
   4.4848527437348391     
   2.1635779312802770     
   3.1615744786509103     
   2.4292270650487113     
   1.3649039831325662     
   3.6399814897537173     
   3.5618688300809027     
   4.4483239251859548     
   1.6198704750828028     
   3.2328974966024413     
   2.9056865615116938     
   1.1239741089443316     
   1.1899112954987972     
   1.3949357901694059     
   1.6603376627526143     
   1.1805438649989175     
   7.8986738107647927     
   2.6492271547212574     
   2.6860866423188812     
   1.6403578608184823     
   2.1530323339509185     
   2.4693297307194277     
   2.4300203327095558     
   2.2513764279899791     
   3.0159792210659719     
   2.6320067453124292     
   1.7678566224834513     
   1.2583187010147283     
   1.2609466140068530     
   1.2098557477185443     
   2.3481366289850416     
   2.3348469273146226     
   2.3134774719116669     
   2.0422374413319777     
   1.2217555350482936     
   5.6895064625773388     
   5.6805210648883309     
   3.9300737163553765     
   1.2883701361557149     
   1.8713506132971363     
   1.1595396729646927     
   2.4273268769985163     
   2.8849110781670362     
   1.7705888023181604     
   2.5481175812318386     
   1.0348429709712748     
   2.1840133919898057     
   2.0943540939014089     
   1.8298496967433147     
   3.5777937751406097     
   3.2891855173394524     
   1.5722431156495857     
   1.4373694923614915     
   1.5671736129252372     
   1.6758025335860769     
   4.2737313869844149     
   1.6947979916797367     
   2.2723302111065400     
   2.9358015816968832     
   2.9705216614995233     
   2.5990056416368379     
   1.0949324055463034     
   3.0172073665942221     
   2.8450662762306602     
   1.8356155342742184     
   1.8088737527827159     
   2.7623920258262347     
   1.3471014589069432     
   2.7874852160882093     
   2.9618337581078054     
   1.5685397396440188     
   1.7950425985510183     
   2.7402414940787776     
   5.9377254812482336     
   1.3872974703420824     
   2.1368351189824319     
   2.3057518256748426     
   2.1897319586549990     
   1.8520315655840647     
   1.5772761688347634     
   3.7405119713411525     
   1.3592437358657212     
   1.3303564279215216     
   2.7490214398664548     
   1.1414169763660607     
   1.9882315655009430     
   2.7430708155804497     
   5.5145824723417345     
   6.5105462447497757     
   2.6634992299267526     
   2.3129733300199451     
   2.7550254866879222     
   2.7171810032631050     
   2.0230019965516055     
  0.91510912728628546     
  0.97127362680924523     
   2.9813398529365309     
   3.5524507009392252     
   1.0576757621251613     
   2.0749145132229301     
   6.7527362804990103     
   1.4976394031907561     
   2.2720344652082693     
   2.2388542149729611     
   1.5168113016024485     
   2.2803557602665721     
   4.4860959728258765     
   2.0313446476288233     
   1.8581615520224648     
   2.8782365590179246     
   1.8363221021594165     
   1.7313670591549206     
   1.7733756049982732     
   1.4289944398761019     
   2.3003516977182925     
  0.58243662233050553     
   7.1892254286697375     
   7.2115775587775914     
   1.0497683421657744     
  0.71333911577968534     
  0.77926613940586853     
   2.3492575464703433     
   2.4006511445643115     
   3.9776800401224213     
   1.5760949789358401     
   2.5515951068034322     
   1.9072825549396619     
  0.84722954673321693     
  0.89601401996653374     
   2.1700127672261464     
   2.1561207871204884     
   1.8979609142126268     
   1.6697855227405605     
   1.9225750188121729     
   1.9205575110791706     
   2.7898342533477996     
   2.4275446059270047     
   2.3955815571927426     
   2.8446217448737605     
   2.8330751036654220     
   2.8350028676759025     
   2.0690839729003603     
   3.1664302338420560     
   2.7650864595015787     
   2.7557288959956683     
   1.9762843783718376     
   1.9797660649755924     
   4.5869932839781296     
   3.0572964443623207     
   2.7339794780225048     
   2.7110657733046408     
   1.4661314621811443     
   1.4845359239784550     
   2.7065062552555861     
   2.2961408453050387     
   5.9850009820673691     
   1.8935773320424141     
   1.8454243722656563     
   3.8254822281239989     
   3.7602686068959779     
   6.9430330538765919     
   2.1688187829845278     
   2.1937474933927765     
   2.1529904039826193     
   1.2352712303303490     
   2.1575315269880107     
   1.0659681265967778     
   1.3046853528029174     
   4.1041157584214982     
   1.5227009761823258     
   2.6970256806153867     
   1.3678555998533315     
   1.3493786307892817     
   1.0343829243238138     
   3.1043825425328522     
   3.0770433992724358     
   1.9519888725991250     
   3.7430125518424315     
   1.6513480585521128     
   1.3165304349441014     
   2.1629919825923154     
   2.0070651430931963     
   2.4847187490372336     
   1.9740366234746491     
   2.9314177765836424     
   5.8065714321745885     
   3.6328443094275866     
   2.3801269998270067     
   2.9885490225641567     
   3.9021597498832121     
   3.4808035266806838     
   2.3769893851914463     
   2.3494156686039411     
   1.1547380528133251     
   1.5306028784985071     
   1.4973574749154368     
   1.6703133711078524     
   1.7472337088938956     
   2.3839381222181206     
   2.6690656916729107     
   2.7510154820193846     
   2.2698432906485011     
   2.2028787812610422     
   1.6048634908721040     
   2.9793613924903264     
   2.8896556972824703     
   4.1806370106239443     
   2.1618721110392456     
   1.4613311562264610     
   1.4471735857341212     
   1.5653823118010803     
   1.8478733774690512     
   2.3761617526642200     
   2.0659224280419490     
   3.5486277579437910     
   3.2328412167674694     
   3.3611061017026618     
   2.5345170231422922     
   1.1420365132207873     
   1.5210122098071110     
   1.5379067811100269     
   1.9705895812524672     
   2.0312143577213329     
  0.78736881264869085     
   1.8878466083358898     
   8.9626528194504083     
   1.7464215007213584     
   2.1674369266370941     
   2.3296752740476765     
   2.0967557168965709     
   2.0423497824313159     
   1.6556814921229928     
   3.8211815536019862     
   1.9686860402719728     
   2.2723432786627349     
   2.1374369240944229     
   1.4517137666369122     
   2.0090919030854351     
   1.3470289642857285     
   1.6725935883341247     
   1.6391885200150402     
   1.8943845976213274     
   1.2583195733455457     
   1.9308884684748648     
   1.7097097636891132     
   2.3389187939319576     
   2.5274297988967187     
   1.6975896712766998     
   4.3126739033506363     
   4.2300584394501364     
   2.0804943677907342     
   4.9855007690191409     
   2.2289229247611257     
   1.1953645279771477     
   2.5382428515971194     
   2.4697985498955637     
   1.6642446099517005     
   2.8987412751175747     
   1.5399219833492406     
   1.9810111895358167     
   2.5221393264261636     
   2.4981432574748381     
   2.2688954351674098     
   2.5314868332276306     
   3.5434881278961043     
   1.6781371604790902     
   2.4237130030961445     
   2.8474540230235830     
   6.6606926571599869     
   2.0510743959539339     
   3.6213110515006188     
  0.95094827277487404     
   1.6248883869053452     
   1.6151113287111727     
   4.8185074310481557     
  0.95038498822260442     
   2.1642154674417040     
  0.99699380110401548     
   1.8757342811391766     
   1.8226160330741628     
   1.8797835430131260     
   1.2349656368600346     
   1.4238742292210023     
   1.4391603764582972     
   6.3705819609745928     
   6.2699713380035043     
   3.8815052162185015     
   3.2664891592059142     
   3.2973353929539080     
   2.3660006078154492     
   2.3276087120495657     
   3.3899008579673087     
   2.5015738689687130     
   2.8480989895737059     
  0.97715098234109343     
   1.0368727886435565     
   2.0772010448065759     
   8.1629042173330753     
   1.5844276936753106     
   1.5620425053642040     
   2.4959533511125702     
   1.3324990958463681     
   1.1480918162659175     
   3.6387098942887905     
   1.6243778832824272     
   1.5835998691692197     
   3.6025924335087565     
   1.4610411582972975     
   2.0692732100050639     
   1.8957748891919146     
   3.2437932291968337     
   4.9065853885994004     
   1.4645791371755525     
   1.3941104433596476     
   2.0175623341963549     
   2.6829896424649231     
   2.8265941123839338     
   2.8105296672495359     
   1.4985248112451162     
   2.1544985783186528     
   1.8003935096391210     
   1.3173153337664414     
   2.2867313622875973     
   2.3821222064437850     
   13.234152399234889     
   1.5717909862030821     
  0.97324383381852775     
   1.1068754134720715     
   3.8649209327838827     
   1.2717676268755724     
   1.7423164193874141     
   4.1282118861576720     
   1.9703686106396872     
   1.5776937785346610     
   5.6951525501025033     
   2.7393493188387690     
   1.2334556548408340     
   2.3335790390691296     
   1.6814826842345116     
   1.7107252797217194     
   1.2695607487238700     
   2.8811901613153457     
   2.9523275283445769     
   2.9023197394052684     
   6.7168710853739579     
   2.6505436300374883     
   3.1047518248994912     
   1.2799565441831051     
   1.3241458640023929     
   1.4805727216743287     
   2.9862701166204166     
   1.1627495552423868     
   7.8511920199325305     
   3.7177518325063925     
   1.6781663439397287     
   2.0724106558458524     
   3.3959079103523235     
   1.2681368983809755     
   1.8225435069842562     
   2.2482281590475006     
   1.0490535023147136     
   1.9105029988095577     
   1.9597639467739281     
   2.0100239121352530     
   3.0798983089879828     
   6.1081706323512179     
   6.0583564927700131     
   2.9342008649125857     
   4.5489986413131431     
   1.5751203631059045     
   1.5547537258682480     
   1.7558619899415004     
   1.5907719794222861     
   1.6799324681648065     
   1.6781988538925785     
   4.9812296171748773     
   2.3426271716370790     
   1.7523016296680127     
   3.6245225961497680     
  0.81224910513026616     
   2.1974215603208331     
   2.1959782108084367     
   1.2173258136954577     
   3.3167179193422269     
   3.9872399842808992     
   4.0030354490458349     
   2.4223170426285923     
   3.4695694475286203     
   5.8044032204905225     
   1.9332432346774739     
   1.4114311070925896     
   2.7582237106918832     
   3.8049767832426311     
   3.9057943645485964     
   4.0555682317928756     
   1.8854978434140255     
   1.8599678145551737     
   1.6865084688183705     
   3.2188403681903166     
   3.1294802369633872     
   5.5932036765595639     
   1.7675549581112660     
   1.6672777798984568     
   3.0619737348962572     
   2.2368341454879177     
   2.3104820370656776     
   3.5061665809348725     
   5.3132740601977977     
   5.4264501936158673     
   2.8543491045205918     
   2.4272388033421595     
   1.7235867321492837     
   1.4651863623606287     
   2.1758628418278314     
   2.1526523259225390     
   2.1340993536036681     
   6.8291769652265444     
   4.1335296026001282     
   1.7745959541737293     
   1.0025084092636560     
   3.1373397969726415     
   3.0384151319250821     
   1.3758691588868697     
   3.0386565405667967     
   1.8538631317810650     
   3.1351556639404730     
   2.8452345421532330     
   1.0493330488254580     
   1.8210849957602622     
   2.8137355570661362     
   2.7693519718214845     
   1.6232275837873169     
   1.6640464039853400     
   1.6116304348567276     
   1.1507208411751721     
   3.1201142098364452     
   1.6449293520606179     
   3.0892985885550304     
   3.6079410211618592     
   1.7344722855989387     
   1.4079818681837633     
   1.3968727555151168     
   1.9378184296327552     
   1.2918402133748959     
   1.2483064533951147     
   1.6889308835390646     
   2.5884365926964734     
   1.1579293584333743     
   1.1204397256367209     
   2.0616725984908748     
   7.0460208732833847     
   7.1272122370323467     
   2.3079451164306612     
   2.2928777001880034     
   1.7927513476292600     
   1.7957691620420084     
   5.0226687108643899     
   2.3936639900866843     
   3.2432207888767959     
   5.2452034194075612     
   3.3235951320165542     
   2.4316836868032961     
   1.6096577068037397     
   2.5521882733258954     
   2.4529451159754183     
   2.4775060561268814     
   2.4698260733724533     
   1.6703646850852296     
   1.7033864404391810     
   1.4345321353122935     
   1.9176577129129579     
   3.4446160005027981     
   3.4284595667882498     
   1.3311870535676329     
   1.3218699616689957     
   1.0367081687493840     
   1.0797644779733329     
   1.9629004170170761     
  0.78683094500705542     
   4.4178747430685164     
   1.5551107482162818     
   2.8919603081677452     
   2.2651661670054675     
   1.7579290419109252     
   1.1097647107394497     
  0.94380226562069947     
   2.9991728056660998     
   3.6185028089255158     
   2.5037534306457552     
   1.7689573376636241     
  0.99797579483935162     
   2.0558323713553781     
   4.7599619725664368     
   1.3688859551076948     
   2.7260413357084676     
   4.2558637984006804     
   1.6772677090491619     
   2.5919609223234774     
   2.5639090231889954     
   2.5495733908866116     
   1.9801118373490096     
   2.0424049731198748     
   2.4844216052498398     
   2.4490540302973893     
   2.4137674100893842     
   1.6243591832697106     
   1.9032416190224652     
   1.9980048953007548     
   2.7048543633448561     
   2.4719141204436021     
   2.4408693848233685     
   2.1780723104591302     
   4.2025538222306880     
   1.8210860058915777     
   1.0738049002289536     
   3.8227497516125593     
   2.2752774887759655     
   2.2916387258762567     
   2.9970589026821428     
   2.7814974335619111     
   2.0781346752855279     
   5.6020508283933745     
   1.4476360998589715     
   1.9764926492953052     
   2.6947167429354826     
   2.0832141222504235     
   2.5618821128547977     
   1.9166392384991062     
   1.6576768124477270     
   1.6160186163434402     
   1.5332936400942931     
  0.87025995210778362     
   2.1238511519861598     
   1.5197772867975201     
  0.90102675480514505     
  0.69051490593510223     
   2.5993451653723141     
   2.5871481372371465     
   2.4651213144609803     
   1.4465466505773641     
   1.9127983673777029     
   1.9963700838734448     
   2.1542909496148019     
   4.8397097779219136     
   1.3033395083129233     
   4.8525927298994471     
   4.7775759248742764     
   2.0570707465827218     
   2.0236955761256628     
   4.3595525805998792     
   4.7481483723976439     
   3.1964436711996869     
   2.0754177609924258     
   2.0366742246226663     
  0.62887895131240090     
   2.1608015172641024     
   1.5535596761483252     
   1.6219004435222033     
   3.7938820166629541     
   3.7297147576920029     
   3.4186216213753520     
   1.7902951320926808     
   2.5614165278021912     
   2.4900621236587472     
   1.3874953879468352     
   3.9760008331050933     
   2.6108021251969293     
   1.5052384486158081     
   2.5578738319582022     
   2.1395727133066149     
   1.8954902198112591     
   2.4465009059771741     
   2.4089051148686584     
   1.1851491210455225     
   1.7627329448439448     
   2.1335234982496325     
   2.0446985057403499     
   2.9971560159410036     
   2.8440397674068683     
   2.9161590591106119     
   3.4472234368647454     
   3.4663409838614831     
   1.5634850721207385     
   1.3061497366262500     
   1.9627546102643578     
   9.4650644657612464     
   2.2803591143015236     
   1.5409012686542878     
   2.7578853453148784     
   2.3337419234407406     
   1.3326254284989203     
   2.5684027557186715     
   1.8630194740842754     
   3.8226021073617225     
   1.9159830238891036     
   1.9013509188127771     
   1.8756731134423894     
  0.87608150855359435     
   1.6893113516033964     
   2.8559298695772166     
   5.4775347273362662     
   3.2646772544098397     
   2.7690613666255355     
   2.8413669583500996     
   2.0784461651715618     
  0.65605816536161610     
   2.3547897698700853     
   1.4879389235713969     
   1.8511491668100606     
   1.8654586426534090     
   1.8490990763367781     
   2.5839631641535230     
   2.8707018542275318     
   3.2495310137096385     
   3.9214760989084008     
   1.4196695536584658     
   4.1048942523962682     
   4.1458810363157950     
   2.4093176813239334     
   2.4350512420609634     
   3.2691371094814961     
   2.2563550859538135     
   2.2545261430470558     
   3.0554960061348968     
   1.4962350183022954     
   1.4956172059272783     
   1.4764362180232176     
   1.6917083465131204     
   3.9247438819862053     
   3.9218510924760306     
   2.4811627721435827     
   1.0595513158711214     
  0.89645617473838501     
   8.2765359165322181     
   3.7778093963543098     
  0.80605037928846679     
   2.4448727579158054     
   2.3563081942909929     
   2.3602661509074485     
   2.3667575005753014     
   2.9453319073453006     
   1.9001436367419469     
   2.1097845660249299     
   1.2980083946660284     
   4.8568086907953791     
   4.0944285716850919     
   3.4136398237261543     
   1.1469331837506469     
   1.1416519946103818     
   2.3162348823305927     
   2.7572912158776193     
   6.7026781222551106     
   2.7414971054594774     
   2.4779395635913732     
   2.2128172715453585     
   3.9500343043580677     
   2.0440983518588527     
   2.3711458459015926     
   2.5536001013054297     
   1.5502988057404257     
   1.7309040568309082     
   2.5824896976259635     
   2.6410716654646960     
  0.51300016626021805     
   1.3326249756795265     
  0.89177201199213108     
   2.3182686990611581     
   4.2941983842133888     
   2.2108941006159890     
   2.3121700930885618     
   4.5314622029011025     
   3.2510069110900730     
   2.9773159452594977     
   1.8267277727103735     
   1.7407640801024851     
   1.7311483381425519     
   3.6658539327805193     
   3.7775761305215543     
   2.3574786233009606     
   2.2998296530785058     
   2.3739887040590215     
   2.2713578387783264     
   2.1189312385641705     
   1.6866461837175932     
   3.8721816510104348     
   1.0697324267897994     
   1.0964674971063320     
   2.6379781284122403     
   2.5170466977272699     
   3.7349664477100593     
   2.4235490292086221     
   7.6106437795729960     
   2.2213700018197664     
   3.1795364784129472     
  0.74876523588183796     
   2.3407429631145522     
   2.0198097847513123     
   2.0589018882685184     
   2.4562759325044619     
   4.5817928676151451     
   1.7332606863393056     
   2.1983893126512268     
   5.4701480013560477     
   1.9413651236942524     
   1.8234809103228533     
   3.0745887735435198     
   2.5787478236757533     
   1.1750098141031049     
   3.3944756151663928     
   2.3259144726604237     
   2.0886903368421228     
   2.1324570038562682     
   1.5160628406141847     
   2.9065893228750812     
   2.8246657874520036     
   1.2606705458126932     
   1.7051668339683537     
   1.9882557030548298     
   5.5627932946489187     
   1.3616425679912358     
   1.3521810699358250     
   2.5834654000259447     
   5.4349834882563846     
   2.6243544247866599     
   2.1632592177672709     
   3.1864608248860140     
   2.3706215895308036     
   3.0302743497792246     
  0.99587613147591303     
   2.7072378360350466     
   5.1659628763575576     
   1.5637383136448340     
   2.3188327015106065     
   1.8442865910272164     
   1.8934920624925524     
   2.3271117417910241     
   1.6521808535441027     
   1.6358986277045315     
   1.0167742358834064     
  0.97480797135378117     
   2.4021979548148891     
  0.92621388802441085     
   1.1240863728626656     
   1.2147396159367538     
   3.4009873316827344     
   3.3435363330857020     
   3.2917081050885786     
   5.2733077510859578     
   1.9539670330792887     
   3.5862653867320189     
  0.97420103447801776     
   5.4289446400133876     
   5.3929613788906030     
   2.6322033531880105     
   4.2226450092021217     
   2.3449952514915462     
   3.9114956339740585     
   14.786006095240268     
   1.9697793886899200     
   2.9578701921963804     
   4.2032342619295973     
   7.7459624535375191     
   3.4261335974272549     
   2.1014588207102527     
   2.1016787181823644     
   2.5359973081027687     
   2.5505172651245980     
   2.1498075378167911     
   7.7574850781788234     
   1.4642905464880571     
   1.9922680467635023     
  0.81350186931367563     
   1.1837804008430768     
   2.4830023858131094     
   4.4819232909622553     
   2.8924118768755012     
   1.2225300395176346     
   1.4799696247192931     
   1.8640250740178625     
  0.99996453713870737     
  0.91408535653364797     
   2.2561867748258631     
   2.4533745179409467     
   1.6720535847185516     
   1.6541104879381174     
   3.6120338748887511     
   1.3959817071910530     
   2.5588204158744867     
   2.1698475532778803     
   1.4157851183865324     
   1.6105473260237437     
   1.6016457882341542     
   1.5734410024499521     
   4.1860920188847546     
   4.2363858000186037     
   1.1963647942889171     
   3.2637684499438557     
   4.5807564310530573     
  0.95706860880341083     
   1.5227706643102452     
   1.5412699900330922     
   1.9307385643582373     
   1.6950478402688032     
   2.1022328446817626     
   1.7243812512557299     
   1.0177691747071469     
   2.3185024671426544     
   2.3033327230152598     
   3.2015448133264992     
   2.1351260080086600     
   2.1439534521239234     
  0.96042053235979108     
   4.7946185676550792     
   2.3655868536876321     
   2.3833067680920461     
  0.79203603280537804     
   1.6460088941788540     
   1.6509606647118180     
   2.5764380195881071     
   1.2136924030362735     
   2.5155649356378609     
   3.6883537557732655     
   2.3283040401847583     
   1.5491530971916392     
   1.6452792057516077     
   1.2691230033551784     
   1.5633647799703687     
   3.2166525272463371     
   3.2306124527473830     
   3.2161421152544474     
   3.7896892833461115     
   1.6962420752014253     
   1.5874373648474718     
   1.5667217803084230     
   1.8810107493084463     
   1.0477536651816761     
   2.1186239570361014     
   2.2099447866113842     
   2.4146352427784974     
  0.98048890573254321     
   3.5948411543929097     
   2.6610457324350838     
   1.4589126778825268     
   2.4872520761952139     
   1.2855292493789012     
   3.5550908815975819     
   3.1619086907547076     
   3.0819583329357783     
   1.7587599114811805     
   1.9043286537458726     
   1.8808169028246340     
   2.2326682563264861     
   2.1398293871813023     
   2.2617611951029781     
   2.0680273373721731     
   1.3744186885718392     
   2.4992809680388652     
   2.2416800284469387     
   2.1557018978880458     
   6.1066360414033003     
   3.2485712177659565     
   3.2029347668936259     
   2.8557644611311201     
   2.6098058807135400     
   4.5698357881203728     
   1.7430474905778979     
   1.7249571122809184     
   1.7392822930220051     
   3.0564740081554231     
   2.1761357771512215     
   2.1972022305752659     
   2.2696760140009693     
   1.5198059673621267     
   1.4354092936559213     
   1.9765253947941497     
   3.1868318548404027     
   1.8203646590746549     
   4.6054433481938606     
   1.7872095958060792     
   2.9025040665593518     
   1.7182930871766986     
   6.9255123679982944     
   2.2259650546162510     
   2.4089369552859785     
   1.0370958393546699     
   1.8798525226048979     
   1.4199390439865018     
   6.8419942861294851     
   3.0647192121454649     
   1.7374160706999151     
   2.7281182421383647     
   1.3755122385118557     
   1.3763353152720330     
   1.3984401975138909     
   1.4152375960338481     
   3.4754312771985258     
   2.7064533988890340     
   2.7108069269098047     
   2.7020489824378116     
   2.1285662313327736     
   1.9703036867515671     
   2.0714391516344661     
   2.1651425588681446     
   1.7711223808346974     
   1.8483770619098463     
   2.1170431095509836     
   1.0058077175365836     
   1.4470558007661192     
   1.9661832423706240     
   7.2102422710253951     
   1.8367608216663016     
   1.8348669080411282     
   1.9401926143248869     
   3.5074879907546026     
   1.8030344268088303     
   2.6681158003882266     
   2.5542171988212661     
   1.8779662704027997     
   2.6514206501594453     
   2.4937138619289634     
   3.0599139495484398     
   1.8163597185424674     
   1.6843828359235393     
   2.6573573906162018     
   2.6814489363762246     
   2.9501195391737278     
   3.6261384978344844     
   7.8707620906435247     
   1.2936445248766539     
   4.6702362414622662     
   1.5347772215887994     
   2.9314453271330696     
   2.8926110167687029     
   1.5507213775195308     
   5.1041269762677404     
   3.6335905005466045     
   2.0428571150780703     
   1.4347014135158329     
   5.9679968462414559     
   5.9159926356835122     
   2.9031977149186852     
   3.6948395580092432     
   2.2785096147309316     
   4.1108213699149374     
   4.0759303327117831     
   4.1930788133752568     
   4.1747856119753672     
   1.7879188863360578     
   2.9549439647542628     
   2.8974417064305396     
   2.9512068532524394     
   2.5483985172253458     
   2.9465769593262192     
   2.3775877382807220     
   1.2493034633050943     
   1.9455613222046537     
   2.9112517243117138     
   2.5360892676773115     
   2.2829218496641661     
   3.4507065706705125     
   2.6175903225223056     
   4.0644554505282988     
   2.3780503808631548     
   2.3681308913537329     
   2.6044962851343176     
   2.8412470074631702     
   1.5097896107759814     
   2.9104755372587681     
   1.7833276321780112     
   1.4561430749301687     
   1.9385618280134158     
   2.5272320567367563     
   1.2139784541545073     
   3.5848650629354033     
   1.8268732722061458     
   1.3583519666691242     
   1.4051009170062616     
   2.9927960033987828     
   2.0577012991676304     
   1.5008206526291041     
   1.4610249503934032     
   2.5709511946357719     
   3.9385469382703482     
   2.6046586845252784     
   7.9977220419304667     
   2.3916505885350370     
   3.0402410419574530     
   1.8011508360170934     
   2.6367400100074567     
   2.6750320139457053     
   1.7807570203823044     
   1.4288419484345203     
   2.5415806307671716     
   1.9757792582463150     
   4.1566973750217517     
   4.1153862796960432     
   2.9085744733929073     
   3.0858870617548217     
   1.2582096627220185     
   1.1233409184636753     
   10.571935627293612     
   2.1088400118158388     
   4.4095297162115505     
   1.7435478714974768     
   2.8957648907213711     
   2.7483496502952307     
   1.1056542335361941     
   1.1113904121342515     
   2.3566718532641842     
   1.5243572762336781     
   2.7068977610663492     
   2.0874983943417993     
   2.0559091339963000     
   1.7865702419705831     
   1.4395305425720570     
   1.3436198711790521     
   1.4478588718906991     
   1.3770603934917853     
   2.4795865816246359     
   2.4418821841297622     
   1.2130228423304823     
   2.9401548377188282     
   2.1697378462778847     
   2.1479615061401445     
  0.76838323925633822     
   2.7534838335599909     
   2.3408550276653313     
   2.4170309965071088     
   1.7704316618168061     
   1.8649407257617625     
   1.8178189774511992     
   2.5569079672215755     
   2.5796654684519620     
   2.5654854321230198     
   2.3397174576236717     
   4.1176479171010394     
   2.6929240011649629     
   2.7422510305424463     
   3.1577434604304955     
   3.2343557287687568     
  0.76310937571874704     
   1.5838360347615703     
   2.3737773344956783     
   2.0439267911866250     
   5.5657729086352798     
   5.6408850503733099     
   3.1835017334735864     
   2.2704346880703148     
   1.0011336947980265     
   4.4363715673247706     
   1.5344140869027072     
   1.7454573987589608     
   2.0354851966616776     
   4.1959312748007029     
   1.4856771880429345     
   1.8053482833252095     
   1.5463694851060890     
   1.7516117087858538     
   2.3594245083236012     
   1.6846095127060552     
   2.5264772501813093     
   1.6288984778331104     
   1.6562108436472118     
   1.2945690258450226     
   2.0635921584865371     
   2.1272243248127225     
  0.99394929756974204     
   1.6060208955832116     
   1.8886844894400479     
   1.0341877171075404     
   2.5953351674620611     
   2.5844286322158871     
   2.5699686320884818     
   1.1706364116044889     
   3.4199197991663430     
   1.9425482482050551     
   1.4607151985566917     
   1.6319584126241293     
   1.6428990669246135     
   5.8211649526116567     
   2.7658956725103723     
   2.9210103903972371     
   3.2321825270141797     
   3.0590505564210777     
   1.5717348868039240     
   1.9998634185780402     
   2.0595237969319662     
   2.7341031304517811     
   2.6188290167010888     
   1.8847024794902940     
   1.8934459809482340     
   2.5834202828041302     
  0.81146565847429919     
   2.1414859211414190     
   1.4573951144954618     
   5.5583431518538191     
   1.7124479088776376     
   1.9736601449623863     
  0.99727986262900037     
   3.7144760657060507     
   2.7273509293907319     
   1.5860523315640196     
   1.6101308121764983     
   5.9625633526112498     
   3.1469290628184043     
   2.0089073870520511     
  0.92507061274314062     
  0.83595464012743737     
   2.7677254178156616     
   6.0841593761638899     
   2.6035660966911895     
   4.1643328109989755     
   2.5469782987365246     
   1.9232386744491752     
   1.6875735705750932     
   1.4401721713258959     
   1.4239023372931434     
   2.5163295533078669     
   1.9172256185813312     
   2.3047857259971334     
   2.3764939083617289     
   2.1036451164536039     
  0.87501051335529090     
   2.0387913010782945     
   2.0649121641124646     
   2.2360462980997440     
   2.3199720959479873     
   2.7865852308555823     
   2.8097328154436521     
   1.2780096903731109     
   1.3775334950090272     
   2.4145761350291446     
   1.9261942756082746     
   1.4460860124214183     
   9.0685500615511927     
   1.5416262631279987     
   1.5950073847268729     
   1.2720807757660115     
   2.8184883292528102     
   4.7031407188120493     
   4.6989413737068659     
   3.4645076329516598     
   3.4520110130583732     
   1.3177710490296697     
   1.2428935636602845     
   6.9431890432926773     
   1.4628057504395575     
   4.3397950998143910     
   2.7296890842721488     
   2.2459400332123387     
   2.2640579776472527     
   2.4998557477069312     
   4.3652498576739847     
   2.3104851069272057     
   1.0886885277611678     
   2.9285740146314501     
   1.1848177675959295     
   4.9889627889206469     
   3.6020665972537493     
   1.9415156513327938     
   3.6547353085407877     
   5.1324974186081214     
   1.5431250487155133     
   1.2546217670212942     
   1.7948628459020579     
   2.0128682114795340     
   4.1656156869522798     
   2.6278524129185468     
   2.0434800137205258     
   2.4054696842667980     
   3.3229012086854022     
   1.2632712535436812     
   1.9791451901511543     
   2.0401011020999826     
   6.4440426786797183     
   6.3818946419623908     
   2.9468223321808575     
   2.9295856696904190     
   1.9588979006746896     
   3.2705752442777092     
   2.9804366774080395     
   1.3332250248257693     
   1.9195730802004012     
   2.6693557368400405     
   2.5906770746906185     
   6.1066734520189909     
   6.0171156185370931     
  0.95681192460197217     
  0.90119106903354262     
   1.3931023826498168     
   3.2154620357861425     
   2.0440814860531020     
  0.95390301724152504     
   1.4182298452611843     
   3.1056944713900174     
   4.2696642909817388     
   1.7129239736281447     
   2.3460144597722343     
  0.90633257533054279     
   2.8438534211292557     
   2.2966237840149497     
   1.3189040041276210     
   2.5656112463066258     
   10.298892196339061     
   2.7496910328596020     
   2.5025971661951862     
  0.87376020860196058     
  0.96593175708850199     
   2.1270576749200365     
   2.1491871915624174     
   3.0240576552618896     
   3.0744694189256712     
   1.3147416412723147     
   1.0581290346719843     
   2.2525872022176689     
   2.7142053087304725     
   2.0044159817569565     
   3.0058420766982885     
   1.8249009891077466     
   1.9921429455230357     
   3.1431791931407278     
   1.9378196132166960     
   3.4071830593252259     
   3.4137977417008414     
   3.4982419698517471     
   4.3500400420148075     
   4.0082216823055639     
   1.8582968757905698     
   1.9581319015483367     
   3.8291942589657304     
   3.8476470759573438     
   1.6699553754576195     
   1.4602948675917653     
   1.7970652701332941     
   1.7505980260115384     
   1.8603804173765310     
   1.8046283817654600     
   2.0761111770343126     
   2.4121585398140502     
   2.5023147157727035     
   2.5116491692721632     
   1.5566363841391393     
   2.0865838356328394     
   1.9795830978618369     
   2.0359816417746308     
   2.0296853285330223     
   1.5380271810485764     
   1.9237771732556603     
   2.4726761505481183     
   2.1653447142699545     
   2.8264535676204710     
   7.1152972087502828     
   1.6324045972433554     
   2.5371514846090868     
   2.4742712610895081     
   2.2939504093184291     
   2.3458751073634483     
   2.2526582693973625     
   1.2024163703611652     
   2.2270316689723275     
   1.5604888258550973     
   1.5266088994774316     
   2.9573438784274462     
   2.6173684625123896     
   3.4836279301909960     
   1.9682950594395794     
   3.1167080519277954     
   3.1247926351257918     
   2.1412532006647766     
   2.0935723944953191     
   1.8633124926635496     
   1.3970342596162419     
   5.0837460862298496     
   1.9122138335800787     
   1.6838454578593225     
   1.7330288165939527     
   2.2672288874217701     
   1.8926658980133675     
   2.3799001502515851     
   1.6780992688126342     
   2.4939067839526912     
   1.5618303733413688     
   1.6514262377797082     
   1.7813837149925831     
   3.7702880193232331     
   3.5982604394403381     
   5.1636867659898371     
   1.7486616344599131     
   1.7425431055005824     
   6.1767938336667552     
   6.1839131698304559     
   1.0872937332678776     
   2.6176314456333385     
   2.6423069219831752     
   6.0920627741508584     
  0.84286839390016921     
   1.5864332936543408     
   3.1883814354556037     
   3.2075366630316573     
   1.4848895952965200     
   2.2755091926001514     
   1.6959612025533144     
   1.0894863578283125     
   2.0681470948853500     
   1.3334045047366039     
   2.3627142051107990     
   1.6154351905493936     
   2.6073643019533743     
   1.9506055591762566     
   1.6801643837936977     
   1.2803182456507134     
   3.8276294491293417     
   2.7911398510827530     
   2.8456812420168647     
   1.7759172676008230     
   1.7862137764159485     
   1.8111264321667360     
   1.0489115945137772     
   4.1091894716029689     
   2.5019352718588856     
   1.5834215970322998     
   1.8792741883663084     
   5.5387540517191560     
   5.4852544118870084     
   2.8405044588755772     
   2.2272442002367057     
   2.9912754847139325     
   1.5174273328997308     
   1.7030778467301830     
   1.7465591363369262     
   1.6476792868699011     
   2.2360122468629582     
   1.9462499207799822     
   1.6216316814601301     
   1.0280485058221904     
   2.8497398740369744     
   1.1242922073057540     
   3.7246835340523896     
   1.8906972466906335     
   3.6393312524327488     
   2.5893498590900377     
   5.0595997262284342     
   1.9628738544313509     
   1.9263029704185393     
   1.9108127375948651     
   1.4196719163683216     
   12.092614833668739     
   3.3884494656753192     
   1.5088233031748264     
   1.5123124782851456     
   3.4799328490040371     
   1.6413665184677571     
   1.6318270759642834     
   2.0356351016710312     
   2.5133637310272561     
   1.2354854714589674     
   3.1383939195322013     
   1.2619045093531043     
   2.9867013675989371     
   2.0890838879022611     
   2.1531584718751331     
   4.0917422682018838     
   1.2287217736413405     
   1.3624610858864041     
   1.2744874920853295     
   2.4871005032412121     
   2.5109946745667466     
   1.5295789103273123     
   1.0720284420497477     
   1.5442686024794814     
   2.7336061687968676     
   2.6092631006723712     
   1.8730274552121904     
   3.8644483680620594     
   1.7535730310456621     
   1.7695330440087216     
   2.0170011247134312     
   2.4586935085420216     
   1.5840821769993394     
   1.3364768648221013     
   9.5941276853688571     
   1.8705091572171035     
   2.5997235106744814     
   2.0465461022266331     
   5.1506593993968162     
   1.3452911735420525     
  0.97458986949950632     
  0.98225911011821199     
   2.4645621564356208     
   4.5459905772946723     
   1.8154237276430680     
   9.5771893699750450     
   1.7604668662428884     
   1.7660531284682626     
   4.4744734896978828     
   3.7676854671050606     
   2.6356494220821491     
   4.8572798020692307     
   2.1694976295408974     
   1.3888043345644732     
   1.3545557891680684     
   1.8296983524055193     
   3.6665651461670938     
   3.3952570181276323     
   1.2606106083559649     
   2.0442361898836214     
   1.6421879719986237     
   1.2270045853569176     
   1.4697179885132006     
   1.9473527314957364     
   1.9934825523469666     
   1.9403374001785183     
   1.4551400964368153     
   1.5478649546832541     
   2.2874050586937460     
   1.6444554872089689     
   1.6812158650493934     
   3.7729549971478229     
   3.8638428096791340     
   1.6598591899202864     
   2.1850465984573035     
   2.5030770094651387     
   2.4749825324837920     
   2.4622478499785214     
   2.1601126684370500     
   1.3383733408682137     
   2.4949090174982103     
  0.96195243114448215     
   1.6779387954261060     
   1.9340467604354450     
   2.6825946601206381     
   2.6897593382485820     
   2.3844695975144505     
   1.6869577573893642     
   3.3765596309777486     
   1.9871304496075506     
   3.4154280656624412     
   1.7725358427709075     
   2.0035054586314676     
   2.0573624671308148     
   1.1377367190770331     
   2.7051609755243331     
   1.6521393117438772     
   1.5631424084374350     
   3.3073746368053221     
   4.8848582282299926     
   2.4777719732312886     
   2.3662601494690918     
   1.3660112717560347     
   1.1012869902388904     
   2.1618077608695909     
   1.7249254406274446     
   2.8669701824451850     
   2.5491162366279814     
   1.3014070072978050     
   2.6801402142341733     
   2.4112673883769165     
   2.3456837526265462     
   3.1590399004240712     
   1.4539116442201605     
   1.0535930233822390     
   1.1143765707593172     
   3.7594753702001436     
   2.2871087948965472     
   2.3459725040946098     
   2.3594958494164997     
   2.2548612517237405     
   2.1002484358933464     
   2.0946699312514889     
   1.8751002681817233     
   2.6817131920273964     
   2.5231959873117793     
   2.9667468969659905     
   1.3037732930233272     
   1.2692436018733662     
   3.4130668004084734     
   3.4150622957926808     
   2.1986482164646937     
   6.1581153344094046     
   2.2095755702140996     
   4.1847567724021095     
   5.3781191515876365     
   2.0192827787815828     
   1.0487853328877470     
   2.5858028017364196     
   2.4809792365737957     
   1.7331943487043560     
   2.7050708701472388     
   1.8595690504046107     
   2.4253039348209229     
   1.4303961068473972     
   3.8217243440309785     
   1.7139715669114604     
   1.6225113651673866     
   1.4284042536579242     
   3.9406603183958890     
   6.5152444713519762     
   2.3315268032332552     
   3.7544162941409716     
   2.7969794537656836     
   2.7864171709967080     
   4.4183031103008190     
   2.6830985045419125     
   1.7865307056172317     
   1.9489194740130229     
   3.3695430101925696     
   2.0394765309288863     
   1.6932318830987572     
   2.6437563980468455     
   2.1830838577073588     
   1.6573674158538465     
   2.6936722094110501     
   2.9452978654795197     
   1.6485600937381153     
   2.8938146393495314     
   4.4063151903282112     
   3.3927223226787011     
   3.3728246002995408     
   2.9509523231573072     
   3.3755999873763201     
   2.7439901129972064     
   1.7769271184649855     
   1.6353210351504646     
   1.3963181810630942     
   1.4707417400822766     
   2.6131516482207413     
   1.9068144185308107     
   3.2113121651905163     
   2.9773486351212073     
   3.0304603532484533     
   1.5484005008997330     
   2.7242985661434442     
   2.7672609182973948     
   2.7652280688590185     
   4.8430058740469306     
   1.8759988115317314     
   9.3441501776994329     
   1.9637296991853797     
   5.3242171211914329     
   1.2992076834605244     
   2.9507439543035359     
   2.9817322420903825     
   1.8831695342772357     
   1.8181973344512612     
   2.5742567097777793     
   2.2012847950792604     
   2.8352273952939431     
   1.2172243241614054     
   1.2151768505801122     
   1.8762678479295296     
   1.1446112505175190     
   1.1378986478080564     
   1.6418634194179662     
   1.6396365835897875     
   2.5516548493667957     
   1.3295780029979758     
   4.8291424549783688     
   1.7353702146206313     
   1.2303015764844123     
   2.2501974739063524     
   3.0040273456218141     
   2.0748914251263648     
   2.0717461340725984     
   1.3220312102434706     
   2.7980731830119829     
   2.7795022517425054     
   3.2570478279753887     
   3.2651732585784004     
   2.1485607967671938     
   2.1270712682310231     
   2.5220839531169945     
   1.9148861884265014     
   2.2069607702441876     
   2.2248402447604358     
   2.2858361240167127     
   2.3018122950580908     
   2.3265895766140789     
   2.7044628160243809     
   2.1204675280451903     
   2.8710521736539847     
   2.1352766504340996     
   2.7205684279857087     
   2.5900361446387095     
   2.2470792333363376     
   2.2333011238094449     
   2.6195543888296404     
   2.2314349223770575     
   3.0823065765883930     
   2.2493860407361166     
   1.2662787192453073     
   5.8497219903546966     
   5.7886701257753410     
   1.8374822428654136     
   2.9320970644742541     
   1.0561291496349208     
   3.7889713444429729     
   3.2064693466874576     
   3.2040934243792849     
  0.94629016732453952     
   3.6589008979285125     
   3.6561435152699584     
   3.9835406258475032     
   2.1262235647644965     
   2.2002701408139180     
   1.6035913968566273     
   2.2319412463086947     
   2.2129508422902084     
  0.74655862037565290     
   2.1276495195849892     
   4.6125506876501214     
   1.3301020332966575     
   3.1014139245406946     
   1.1060261400833011     
   3.2415568954370313     
   1.9768070196905041     
   2.0749700007633041     
   4.5135876764342759     
  0.70622820454883783     
   2.0590363696074943     
   5.1442234603484494     
   2.3695913254197043     
   3.7933926007430814     
   3.7890724259963653     
   2.8162051069259304     
   2.8000505306646333     
   1.0070820295176812     
   3.2295523163084496     
   2.3657101818856310     
   2.3128795007183602     
   2.1014590970765221     
   1.4339899667916254     
   1.3312190818217386     
   2.8545379461756051     
   2.6708215029999156     
   2.6181858468563703     
   2.1464334310541360     
   1.8213323914157951     
   1.8307200482661354     
  0.62707139670330447     
   2.2381474255520044     
  0.94132592191979347     
   1.2992370547050986     
   2.4690246695486411     
   2.3487709311941769     
   2.4305249385451919     
   4.7098468539389557     
   1.8568443790732170     
   1.8132845603884968     
   4.5328367680309487     
   1.4305869445808312     
   3.0860489919835210     
   1.3088527321917316     
   3.6346404913449608     
   2.4086165426660111     
   2.2649347968012621     
   2.7649782293381957     
  0.83360552188527481     
   2.8876890476772012     
   1.2762486843868981     
   2.0387038651413532     
   2.1576326786297204     
  0.89411258700251894     
   1.4893881698684333     
   3.3647594592545369     
   2.6051230715386806     
   3.3293599796680637     
   2.0755302450968416     
   1.8237341560796694     
   1.7811061801630106     
   1.8742554209467468     
   2.6751730811849703     
   2.3212791976156071     
   6.6571369100823601     
   1.3648839224260270     
   2.0341063354314510     
   2.0371745739445259     
   2.6080012005309166     
   1.7912439912637057     
   1.5715738515968580     
   1.9303254882954766     
   1.8876353658911447     
   1.8273656301962766     
   2.0815642877206701     
   1.7917372551657462     
   3.3616325543994199     
   2.3471195555350977     
   2.2163736493648227     
   2.2372121393384798     
   4.3797503230524057     
   1.2098052601838525     
   1.2203105357904895     
   1.9155378672709060     
   2.8832537595374643     
   3.4167449449019505     
   3.2865692066153573     
   1.9110838632861309     
   3.3910951086256205     
   3.3014144201940447     
   2.3690721783855992     
   1.1534450366196982     
   2.9060939606814467     
   1.6994836456521696     
   4.7542929933805027     
   1.6230593928563364     
   1.9686445494127578     
   1.5724597774895333     
   4.7378706043801717     
   1.2664045640276185     
   2.3481043682970730     
   1.8124999443757961     
   2.7124619922344961     
   3.0804224735993033     
   1.1001816901320418     
   3.1545264741194994     
   2.2281072455269042     
   5.9745785423424715     
   5.9980322397926953     
   3.9446131019604231     
   2.5918771719304892     
   2.9275378225503528     
   1.9325379943983021     
   7.4372898991643552     
   3.8269139040817168     
   1.9071726266184914     
   2.3374951448259194     
   3.2565435034100045     
   3.1922587519626524     
   2.0680302741435153     
  0.77857590716915559     
   2.6590466688934713     
   2.6069137579234787     
   3.4379657316714396     
   3.4002609768868841     
   1.6412484145133186     
   5.7002059483884935     
   2.5324288584571102     
   2.5180070217148818     
   2.6528531801653461     
   2.7251160882608096     
   5.8196964659083719     
   2.1415600238655643     
   1.0404943825110911     
   2.6784048479256763     
   2.0338011889401719     
   1.8367278417010280     
  0.97406425255825324     
   1.3637190781680364     
   1.3841665804630177     
   1.3273700981999486     
   1.3196658653481457     
   2.3623458995778122     
   2.7322881146864537     
   1.8119062174957261     
   3.5160845178261919     
   1.7722820837121998     
   1.7153265224507539     
   2.3286327053092766     
   2.6131039716940032     
   1.3454415553766703     
   1.2035524313298440     
   1.5398669803728242     
   2.9894153457529091     
   1.4469222248211802     
   1.9154868296781120     
   2.6342609038010192     
   2.6950922300168032     
   2.0817242882941009     
   1.4042785239523070     
   1.7405078422753419     
   1.7724529343052973     
   1.0438036701934823     
  0.87152714404187348     
  0.81023153072221166     
  0.95989182486602520     
   2.3551275631303281     
   1.9098801227534066     
   2.3052403215950874     
   1.5665066615241121     
   2.6746481628820735     
   2.9752791452206666     
   1.7461440529724168     
   4.1790387013256511     
   5.3514909809369078     
   2.6138406266600418     
   1.8373469496095944     
   1.8832955165546934     
   2.9207107153959226     
   1.2658097423110541     
   2.6787352274982328     
   3.3280642604938175     
   3.2342245629008026     
   3.3278817747600957     
   2.7110034551583562     
   5.4567906598874547     
   7.1117943569663691     
   7.1264029787715097     
   2.5133143313566828     
   3.1393885775499260     
   2.4120772114955731     
   2.4222401941584701     
   1.9569449794281475     
   2.6510500700079564     
   1.0067585555423577     
   2.6564131209880810     
   1.1598496831576317     
   2.4212557222861131     
   2.5081636220800365     
  0.98932226263344247     
   2.4016409417246369     
   1.5644310745455650     
   1.1523516905993607     
   3.8950395187634164     
   2.4480547199016960     
   1.8101169079323625     
   1.1668624018150402     
   2.2061598529413278     
   2.1814199090333264     
   1.4028341770003552     
   1.4766988599132480     
  0.99908242679731418     
   3.8204162645587876     
   6.8873220416499112     
   1.6685784614784844     
   1.6244305794865526     
   3.3539451425136328     
   1.9603380449644416     
   2.0511682160109630     
   4.6955610594835617     
   2.3158953700711513     
   1.7847040532837353     
   1.3117186166772259     
   2.0841298105832293     
   4.4302054751781252     
   2.1101015951090041     
   1.2682909535424904     
   2.3136112841066678     
   4.7625363474830333     
   1.3697565177983650     
   2.6644872555922761     
   2.6037188307965771     
   1.3192524591008046     
   1.8076362136434858     
   1.7871483237741221     
   2.9014653457191715     
   2.9579507029256775     
   3.7856871448741058     
   6.5943725080653168     
   6.5640834345766956     
   2.0828664418831639     
   2.3106209770350041     
   5.4396556162342531     
   1.3054660473919142     
   3.3989631446056343     
   2.4999976971832520     
   2.4418420270705630     
   1.7633543980049602     
   2.0742661144361461     
   1.6628870757292067     
   1.6627205467270059     
   2.5878800028911684     
   2.5582951906103388     
   1.7350847151433106     
   1.8017212087915573     
   2.0930231644764117     
   2.0239589731174412     
   1.4320909493285956     
   3.0929208025653692     
  0.94932411187728016     
   2.5450049384980806     
   1.7411705004827467     
   2.6957951712506310     
   3.2990521588748196     
   1.9751493646134521     
   1.8716863682180218     
   1.0840121464481478     
   1.9632592303812113     
   1.1811632972478641     
   2.6139093546651377     
   2.1410081339386160     
   3.4852912494726174     
   2.9256733680448579     
   4.0689498268441584     
   2.0598852210760179     
   2.5863638230773383     
   2.1533553604727875     
   2.2009496324615530     
   2.1788258036279022     
   5.0664415935102713     
   5.0544524965237860     
   1.8430991813515625     
   1.8423198743974607     
   1.8615899237701372     
   2.6467658214519356     
   6.4329008838970925     
   4.8730129402116376     
   2.3566725416281460     
   2.6123114761090132     
   2.2566850840535895     
   2.3575310546531481     
   2.0611431836032716     
   2.1848261460303209     
   3.1872163408393810     
   2.9786067674609891     
   1.5985759742222678     
   2.3832123194110486     
   2.4287635351692050     
   2.2475911302150653     
   2.2149358320900627     
   2.4870696196259794     
   4.5337147372206346     
   2.9287617861192987     
   2.6226018176905179     
   1.5696626604411430     
   5.6096593575661879     
   1.2727379795269755     
   3.2367590837882245     
   2.4498250765950162     
   2.2113800102045116     
   7.4189442302082096     
   1.9464078603325832     
  0.87081972385600415     
   1.7709998387813735     
   2.7197779599523990     
   3.7759612517700818     
   2.0052713902260009     
   2.0134091702946857     
   1.3350050446475366     
   2.5575781367297554     
   1.7883194710396060     
   2.7664089667563481     
   1.9284173541807195     
   1.8918325907749980     
   2.3401363797993033     
   1.4161739619501104     
   1.9118128569504576     
   3.9103533377334161     
   3.9415424317172021     
   1.8318429134313132     
   3.1576512213686412     
   2.4853660579515893     
