   2.2601948957142044     
   2.2775739123440260     
   3.5290032805260867     
   1.7002454257877042     
   2.6502789097443991     
   1.5633627583097471     
   2.0007631872361697     
   3.1401263260144705     
   1.1814646187399864     
   7.3311601043667656     
   7.2969135896348094     
   2.9205338164863823     
   3.0892015669943107     
   3.0514476069630248     
   1.2096906733977233     
   5.0829912298693865     
   5.0415115536190660     
   2.8407835427082468     
   2.3335998439429368     
   2.2865154735294739     
   3.5462465606139850     
   1.9275012488894270     
   2.1859940814115384     
   1.5150833940460535     
   2.8245032990971399     
   2.6320580672747496     
   1.2400749541325129     
   1.2568328134808058     
   1.4709078238073861     
   1.4309811590091799     
   1.4744778798109781     
   2.5896302141937659     
   3.3330349331612807     
   1.4269969290019127     
   1.6340994404195917     
   2.9582922113657752     
   2.1892695406450851     
   1.4204980845388018     
   1.7985626966368222     
   1.6062764602965673     
   2.9746186468159355     
   2.9007478752259370     
   2.9034518351700922     
   2.9363281128501852     
   2.9140500888011047     
   1.5586354806287097     
   1.3370980513701838     
   3.8192231328012567     
   6.5806480313352713     
   1.8677568134530329     
   1.2224037172181847     
   1.6119618439497339     
   1.6580684937065209     
   1.2766888984277591     
   2.3191195950204526     
   1.8331345227456799     
   3.6665073932304080     
   1.5504063251845959     
   2.3806459736667338     
   2.2019217011510528     
   3.0299344927238963     
   1.3168946342029677     
   1.5132862368580791     
   1.3410555536819688     
   1.9139245198766266     
   2.4297008856183959     
   5.8120147012429735     
   1.4348737200133983     
   1.3849326427853650     
   4.8750340811261088     
   1.9906300369852659     
   2.0489308712670753     
   2.6484205856617851     
   1.9661802506535959     
   2.6591135743295973     
   2.6903300389745155     
   2.0154649720867126     
   2.0985808426738051     
   1.5689649887105266     
   1.5827892568690713     
   1.5724572399662888     
   3.7638522235342653     
   2.1473914304486015     
   2.3529068336057120     
   2.3263689282073745     
   1.2522801558929693     
   7.9216259254779544     
   2.6386395016784876     
   1.8209425443030383     
   3.2184001057473299     
   6.0880874502680875     
   3.1185511750156620     
   3.0993448083912742     
   1.9068452088451047     
   1.3082532303495775     
   1.3715422880866261     
   3.0052622726321685     
   1.8888245214233172     
   3.4496814551644053     
   1.1333257267980861     
  0.99796706897788912     
   1.0526801159997703     
   4.4225567433563038     
   1.6345570047015832     
   1.6414143343603260     
   2.2688320132302136     
   3.4396786246277564     
   3.4197972343680574     
   9.1887927855603646     
   1.6123340355776854     
   1.9682266276132836     
   2.2173956004054496     
   2.1976273126094048     
   1.1790808729697380     
   1.8975408664019191     
   2.7648692673507207     
  0.92035300417231691     
   2.5330284241591845     
   2.6672843184530581     
   2.0037853786053645     
   2.3593259834065945     
   2.3523423666021714     
   1.9023422547552076     
   1.8942045958053746     
   1.8418909366866796     
   1.9478814406929916     
   1.5596046733166757     
   3.1755617038146142     
   3.1011942582675305     
   1.7130330662815736     
   3.0457586277348696     
   3.0466038011752872     
   2.3072692698379020     
   1.6202090218160008     
   1.7573721220668859     
   2.1981754886686167     
   1.7711398174930961     
   1.3828562517359959     
   2.8898700866122420     
   2.8381353088734902     
   5.3055880378302946     
   5.7854969589086220     
   5.7972333590326866     
   3.0057888587811208     
   2.9509867335474054     
   2.2628368583550160     
   4.7117354976344963     
   2.0384147882523584     
   1.3278850285208508     
   11.132135426366510     
   2.8203939797883320     
   2.7329766590405455     
   3.8492311222314122     
   2.4842378180196634     
   2.4082215098713480     
   2.1150601045544546     
   2.1087386108684125     
   1.4949319743390688     
   1.9984889390547826     
   1.9611196277956373     
   2.5991569022674796     
   8.0608097539121069     
   3.9356983085861028     
   3.9907251609334544     
   1.1317273681991245     
   1.3706127156646193     
   2.3084407360996635     
   2.3345959097581170     
   1.0870938770812359     
   3.8659422066265750     
   3.8323613889509178     
   2.9052857186325749     
   4.1185010276097191     
   2.2613363405717535     
  0.92871504383048931     
   2.3820838005686413     
   2.3714100835991307     
   3.5718460679409221     
   6.8454245411685433     
   2.0173521353238790     
   2.6083123532265255     
   1.5394842418388464     
   1.5686957792656449     
   2.4640323329379239     
   3.3750757208653668     
   2.4832559727437067     
   1.9184046578622740     
   2.1971072628068562     
   2.1914917129866516     
   1.9005979036464042     
   1.8449218580875326     
   3.4859524023755908     
   2.0174589156165164     
   1.5934539547836424     
   1.0772640228373653     
   2.4190112116265610     
   1.5688741237832386     
   1.1980858259673366     
   1.0446814150260795     
   1.7797173213014938     
   2.2885406598946565     
   1.8933882819941130     
   3.0291263449161563     
   3.0727140645036908     
  0.88709731724825014     
   3.3437692061771678     
   1.5972987285657991     
   1.7793769635333709     
   3.4789647052381913     
   2.8276504808800782     
   2.7862568587601722     
   1.6429650504557032     
   3.4313386829167682     
   4.1572028991658048     
   4.4690929548518294     
   1.9199698178459970     
   1.6061471285404285     
   1.7888761650080103     
   1.9113572859036170     
   3.5581271213927748     
   1.6487906152853700     
   3.8619379470222777     
   1.9865696279261995     
   2.2731709025624722     
   2.0067776528814827     
   1.2606033580430371     
   1.7431770872982402     
   1.2175266182845164     
   4.1077175619448063     
   4.0732437834559656     
   1.8485843915808082     
   1.0945759490398028     
   2.5473616044472265     
   1.9377487430212101     
   2.1512638735001031     
   2.0934186022924659     
   2.3431321584524265     
   4.9694998331492961     
   1.5910258042744454     
   1.3213470455363829     
   2.8182140799783024     
   3.5596466723735491     
   1.9276662886175513     
   1.8637382929454689     
   5.8330102281542029     
   1.8114694396794080     
   1.8132705980819779     
  0.97234698784611007     
   2.2541990506619927     
   2.5546910488916907     
   1.5469483459770454     
  0.92247116470299650     
  0.89280179906836521     
  0.94058919853495826     
   2.0445425422445260     
   3.2235557690681524     
   3.4468771073991857     
   3.4829528207707594     
   1.4280632258810610     
   1.1783512603961970     
   1.2813206214344623     
   1.2210020201860379     
   2.8461968536249058     
   2.8420192186478999     
   2.1502212638053901     
   5.0438435159135295     
   2.5469075626403526     
   3.0447854191082615     
   3.7331333121871917     
   3.7570451283363862     
   1.7756342962309317     
   2.4779381311570079     
   1.8081940651107793     
   4.4696407041805131     
   3.1237834332953249     
   3.0886384251398398     
   3.1011324568254159     
   3.3166157292443188     
   3.4488117164957619     
   3.4169124870006069     
   2.6708647003293478     
   1.6846080470505118     
   1.3910957039762000     
   4.9842867504946078     
  0.74633695793368038     
   3.8939814095519925     
   1.5231000995447481     
   1.1169930596472273     
   1.8014320836323101     
   1.5792325015612330     
   1.4496021465042446     
   2.0095067645684090     
   2.4138003903484750     
   3.5586874883540789     
   3.8746934118405392     
   3.1277326616992505     
   2.0455238205184214     
   2.8596443744280453     
   2.6824752304939419     
   1.1461394133481715     
   3.4257026711336338     
   1.8806294357197122     
   1.5541079103281144     
   1.3652637826823244     
   1.3658419994520732     
   1.6380645026668372     
   2.2451515845539429     
   3.7111854372176651     
  0.69234946627557481     
  0.72052356964544695     
   2.0881270564701375     
   1.4625679519128716     
   6.6510555439903341     
   2.5142508420735332     
   2.5759660474531954     
  0.78496332858452067     
   2.1731834068487013     
   2.4489932646467500     
   2.5013055749150568     
   1.3142902062539832     
   2.8251311251516262     
   1.1763664298671330     
   2.2352368125320350     
   1.3755782386575428     
   7.0873917837920084     
   2.3662755171510059     
   3.8872240375971003     
   1.6094868978268808     
   1.6944777922403462     
   1.9932013577509591     
   1.3802520161141065     
  0.95069251956921652     
   2.4069061002296972     
   1.5933258756557203     
   1.5604590455228309     
   1.4094992060688156     
   1.3136181790784582     
   1.8285176323954559     
   3.0032890521198623     
   1.3283750877209091     
  0.87903284557173089     
   1.4389561108258773     
   1.7811887641045572     
   2.8163899817205933     
   2.8590757494314367     
   2.9236817720001351     
   2.4177592750659205     
   1.7867386131269103     
   1.4024327345761833     
   1.6485464433586572     
   1.6686944265748278     
   1.7806008112315701     
   6.8613267440250034     
   1.1002604178875703     
   3.5995161342886113     
   2.0242602370547664     
   2.6616550334651468     
   1.2784357858381166     
   2.0848449380756811     
   1.6752404127243981     
   2.0610133369581649     
   3.7553424579891286     
   1.2263887077908606     
   3.1353786665205896     
   3.1712297566201606     
   3.9874022124950290     
   2.5812342921227254     
   2.6131051274611563     
   1.3891201493615291     
   6.1101248321006878     
   2.9363194090110336     
   2.1482092139051372     
   1.4049850209133703     
   1.4353319053803189     
   1.4212749256428463     
   1.7635557018846957     
   2.2386559063042624     
   2.2438364244681228     
   2.4077293043549099     
   1.5753763024742087     
   2.7259673303326131     
   1.7172035003801447     
   1.6598457958086164     
   3.2093731751777930     
   3.2811721741604263     
   2.3014587052661066     
   2.7321754171035035     
   2.7169779803293346     
   2.7279989815580965     
   2.0502228918700340     
   3.5128545388551049     
   3.4470948217853605     
   1.8464485384439169     
   8.1814382147491855     
   3.6566611882255668     
   2.7271073918922202     
   1.8219288714649022     
   2.1063231236823348     
   2.7521324334208450     
   8.7234743317527688     
   1.6725633846186279     
   2.6289216940959861     
   2.1395988864690123     
   1.2609881522451645     
   1.1474361257628476     
   1.5520343324259378     
   2.1028633003699562     
   1.9082764767655980     
   1.8281333079780158     
   1.3994736385202271     
   1.4652337808668714     
   1.2498900845335368     
   1.2897191536453652     
   1.9072042012858557     
   1.9452271522852769     
   1.2273256643587447     
   1.0325422409753164     
   2.5681393552405822     
   2.1817221901500994     
   3.3589569266590082     
   2.6789695320949933     
   8.1190062464572748     
   1.1522569573123684     
   1.0939617198740483     
   3.6814653339550092     
   3.6268019826873954     
   3.6017876693154722     
   4.7744785487541863     
   1.9480317565201735     
   2.0965736705584694     
   1.0418507739081018     
   1.8949047821593150     
   1.2366505824500198     
   1.1868286061449715     
   1.2071484328441475     
   1.8379184408356453     
   2.3575317432146563     
   2.9120315236677752     
   1.2759643584055294     
   1.9199534936242064     
   1.9388530906347592     
   1.5499029297528875     
   1.5425257112838660     
   2.1058954250715529     
   2.5060760640143682     
   5.6745544874928822     
   2.5626144899914927     
   3.7302479761657299     
   3.6566113563072355     
   1.1729253588728559     
   6.2432707922882127     
   1.4152917705913608     
   1.7262747920547958     
   1.9029673639656264     
   1.8912314245793109     
   1.2603907092501681     
   1.2728342062535167     
   1.3943526912428315     
   1.7186166890106878     
   1.6233803684044108     
   1.6847961041385398     
   1.1360008369899643     
   2.7317095737409613     
   1.4197881650136683     
  0.90839798399951432     
   1.2661206295374245     
   1.8667525820690403     
   1.7577938002147238     
   1.4227703340611262     
   2.2482875118973644     
   2.9101804729735541     
   2.0244664067943261     
   2.4415857662202218     
   2.8360593989127838     
   1.1260352028081806     
   1.1459805753614525     
   2.3485512441781329     
   2.1789951164809360     
   5.6660801783482100     
   1.9458052483813200     
   2.3835567935563393     
   1.9182681615002590     
   3.6848724145223790     
   2.5708837658323951     
   2.7721559079950446     
   3.3112570861236095     
   3.0867035416391397     
   1.4423183397579196     
   1.5891110626827056     
   1.5485882491785956     
   1.4502061550315106     
   2.8467678271853956     
   3.0396182187151406     
   2.4691917902154494     
   2.3271028814489960     
   1.7352563051014487     
   2.0301081671796468     
   2.0910290570218812     
   2.8747387175980754     
   1.9526928074393894     
   2.1056445982843841     
   3.1125063283441086     
   1.8220775667924820     
   1.5597020539629007     
   1.5347812124167297     
   1.7281220415954646     
  0.95601656058540185     
  0.93238783911336887     
   1.8692897931119086     
   2.5878006745798210     
   2.6209634831516602     
   2.2121994340465454     
   1.9823225087098670     
   2.0044374075370697     
   1.5951170901782230     
   1.8126433861991638     
   7.2851894498962402     
   2.4918421264648973     
   4.3528165909109919     
   1.5780371829360480     
   4.3865799823178850     
  0.95422505177045802     
   1.2377025709776797     
   1.3874998063572959     
   1.3907997854249445     
   1.7995045860215222     
   1.4328782121751380     
   1.8196077384884326     
   2.5689167510797231     
   2.0665073841032835     
   1.5723329048987134     
   1.8811299578788900     
   1.8928080328219283     
   1.2340780819412283     
   1.0345733156778290     
   3.0995886709219098     
   1.7469587428350759     
   1.9870207499645989     
   1.2949009193891035     
   1.0177564848039153     
   2.9431541783019819     
   2.8453030160529953     
   2.0400844859966205     
   1.9505682489409251     
   1.4032262638240813     
   3.0312518745629058     
   3.0465860594450818     
   3.3343540087636763     
  0.85221508902959242     
   5.4810693455933253     
   2.6006478863968954     
   2.0101305169338524     
   2.1036249540005647     
   4.4466658589726515     
   5.0916025826496272     
  0.92118112149944209     
   2.1745675688013097     
   3.4655598167064334     
   4.2866851273075000     
   1.8231256618475564     
   1.9000054485233504     
   3.2065086888689294     
   3.3999861192961225     
   1.8111039312453827     
   3.7146983530396369     
   1.9139426943796163     
   2.1700101856832146     
   2.5289958328396662     
   3.4182215873187913     
   2.8358761310597616     
   1.5565134432827874     
   3.3952595796818019     
   7.9729673037741593     
   2.4081325875227906     
   1.6962748954512423     
   2.1553898613916807     
   2.7515434118114546     
   3.8641757077757117     
   1.1737038595564715     
   1.5260771150823946     
   1.5888522418133733     
   3.1499876589128695     
   3.0584591095321860     
   1.1935806777140803     
   3.4507122906808876     
   4.6979921763700405     
   5.3675702855122509     
   1.1492768951774939     
   2.3582203839638640     
   3.2739838703028186     
   1.8054919525020787     
   1.9541159178899736     
   1.2987541618098184     
   2.2414521191736627     
   2.5684148301715704     
   2.0672544768283205     
   1.9768076204880782     
   2.8388025253723188     
   2.8344456679168397     
   1.2500633902914118     
   4.4630145058900110     
   2.7770051795203003     
   3.5805167096952237     
   4.1411210421806963     
   2.3900536537187329     
   2.3328123822949887     
   2.1924857632007075     
   1.9485525597645565     
   1.3393960519125039     
   1.3850151100544910     
   2.2500491291912836     
   1.1724045996235730     
   2.1241806020469003     
   2.1516327529076591     
   3.3232700320487814     
   3.0079442235566671     
   3.0424661719531967     
   3.0919997155656942     
   1.2160063244105470     
   2.5963625523290066     
   2.6579307053741679     
   1.3618616766404272     
   1.8153135302904331     
   2.4388432690636166     
   2.5008151840689155     
   1.4247097230546875     
   2.4104027506088928     
   3.0079694523715204     
   1.7916211571207852     
   1.7806270291841659     
   1.3634849989647007     
   2.8912593905867578     
   3.7926573039632521     
   3.7023107796116879     
   1.6189136947604050     
   2.9466831825924102     
   4.0197297798028542     
   1.5236489388554679     
   2.0667870131644039     
   1.7066178359832436     
   1.6207581667504063     
   1.2077154901448299     
   1.2783374930701945     
   1.0108105327465067     
   2.1360760354761719     
  0.88555426279966487     
   1.3943536248159007     
   2.3538268212591524     
   2.5392812477356821     
   1.5795620329346678     
   2.5251460108916075     
  0.90762560884016064     
   2.2143495090673970     
   2.0444106276634235     
   1.9920987303410396     
   1.2116662746050639     
   1.5462741474766584     
   5.8141941155148302     
   1.6033207004580390     
   1.4113134436002643     
   1.2467132472162632     
   2.7024339408939810     
   2.7779320472353382     
   1.9190622531400161     
   1.0435979173964338     
   1.2978125938724769     
   4.0792949732231643     
   1.6492404216206442     
   1.7976589539012870     
   2.8250816396710969     
   1.6377097687687616     
   1.6711034209896365     
   1.7271955201210281     
   2.1847805818165997     
   1.7382792470506767     
   1.7911876405982508     
   1.3790766676251183     
   1.9046356623123386     
   2.6897590451918769     
   3.8205104146420426     
   3.8841786107495992     
   2.1982675086539758     
   2.1195623822510967     
   3.5179405357926825     
   1.2974130305294056     
   1.2815750751675850     
   2.1147086280784673     
   2.8430147662304641     
   2.9215591778038479     
   2.9949829270293145     
   2.4802645542960753     
   1.8660334674293020     
   1.0547385222717134     
   2.0310603077740796     
   2.1063286803586578     
   2.3322961721296753     
   2.2580743997163308     
   3.7861617440295503     
   5.0462998418698035     
   5.0206593934940527     
   1.9989439379911822     
   4.7975181529710742     
   3.2389683426989833     
   2.1650249218620585     
   2.2628375251283859     
   4.6252668168828395     
   6.7507570867290996     
   5.8354616677800069     
   1.8192543667318188     
  0.62309620255469955     
   2.5611942199248716     
   1.6513711876425770     
   1.6449670028377950     
   1.8024077388918449     
   3.7269864633700251     
   1.3112263405773525     
   1.1230274515158150     
   1.4512982620693322     
   2.4695489157330592     
   2.9485588291680420     
   1.7289981042296838     
   2.7185675993392855     
   2.0773564194981162     
   1.5876864354154323     
   4.2430458588093947     
   2.3764973729668877     
   2.7732711861150920     
   2.7704020198359682     
   4.4402008983947923     
   1.9198016579505917     
   2.6910056321026001     
   4.0507785936951022     
   2.8474315268551424     
   2.0946892940503261     
   2.0326038506432020     
   4.9123777214312847     
   2.5134424677035989     
   1.8441581146676682     
   2.2170987841084759     
   1.0764695015503658     
   1.1827414973954924     
   1.6161516168587247     
   1.5846352770218601     
   1.9481850520628525     
   4.3697990308094319     
   4.3597959340341861     
   2.5556254857572993     
   1.3553538392512181     
   4.5913036503461990     
  0.74249671942143436     
  0.71485124546663092     
   2.7350133365522553     
   3.1344015677159138     
   1.8563038106216565     
   2.1894207850740353     
   1.6111084893044787     
   1.4176683594712325     
   3.9227119927084311     
   1.6990634043598356     
   1.6144280609065511     
   1.5405216058379529     
   2.1860948282647530     
   2.7648165042899366     
   2.7591485687649531     
  0.95309142726809681     
   1.9365816808403715     
   7.4823101803324441     
   7.2999528767575832     
   3.8978062546940642     
   2.4195087562825521     
   2.0812599406061763     
   1.6957956663617177     
   2.4899190473438426     
   2.4700210985639619     
   2.1738420913630483     
   2.1344195127345076     
   2.2867313622875973     
   2.7378320363390807     
   2.2007871154747236     
   2.1159295894095123     
   1.9581149989621283     
   1.3056862872472319     
   6.9880101889301312     
   3.7232425451960731     
   3.7653995468159276     
   3.7097064579831702     
   3.6590681426945517     
   1.4095335917669813     
   2.5272999602300605     
   3.3092436314708413     
   1.3192278775457986     
   1.4769363079848370     
   3.6823988936921892     
   1.9163059015540771     
   1.9464069530454788     
   2.1350777962917604     
   2.1712934097986385     
   2.3409086653760109     
   4.7881621769701077     
   2.4039082674453156     
   2.4103593139034469     
   2.0796931080455381     
  0.87084968094351223     
   2.1255259612073689     
   4.5043223494523073     
   1.5592119035328507     
   3.6495742415127785     
   1.6615201980105194     
   1.6541746968258482     
   4.3092448694034777     
   1.0602409191998450     
   2.9757076308755779     
   1.7451930372225135     
   2.4409321697671849     
   2.4508884874291121     
   3.5170271128148900     
   2.2827078861672407     
   2.5361619314657196     
   1.7639351886685060     
   4.6055222869904044     
   4.5704505618298663     
   1.1919113878088123     
   2.1991241035947615     
   2.1484826642295927     
   1.8268693090704364     
  0.88109297869364867     
   2.5511431358707091     
   1.7030455919066347     
   1.5290777336647059     
   1.5092526648782039     
   3.7257145729552703     
   3.0447606603299264     
   2.9909155223183821     
   3.0434730806060184     
   2.1946008961304311     
   3.7962036813854656     
   1.2934648913225542     
  0.88055453249211724     
   2.3821249573292769     
   2.4003382452381237     
   2.2691948433438305     
   1.7120906245686669     
  0.95975893763025200     
   2.4584631648309800     
   2.6098651799583585     
   1.7921827723967350     
   1.8289226485973133     
   3.2308562405733503     
  0.86462828802144776     
   2.0342709677611852     
   3.7197308739245938     
   2.4271356539920284     
   2.4394628769554143     
   2.4831357430684791     
   1.4037232884355202     
   1.7293922212850901     
   3.4887700150302599     
   1.1109839079778228     
   2.1675968396653658     
   2.3882750368040426     
   1.7550261872651984     
   2.5559042712881741     
   1.7627499094584502     
   1.7937878342507108     
   2.0499338005747911     
   4.0372216551803843     
   1.3508886184720090     
   2.8026104250885928     
   6.2116666831899430     
   1.9861680380684492     
   2.4557772096102939     
   3.6267141602872863     
   3.6369605272114511     
   4.9218501479546699     
   2.2370522127852142     
   1.5179649386765541     
   1.6581797445221551     
   1.5600267217335202     
   1.6719217300902518     
   1.6666834199243090     
   1.0395886476665144     
   1.1164934568435747     
   3.0788083392032592     
   3.0157419264732215     
   2.9872260032463660     
   2.0901614316908104     
   1.4666566970544124     
   1.6986598724124475     
   2.2067261388641461     
   1.9283391148649243     
   2.6088284690573800     
   2.4333987729209792     
   1.2024214222363490     
   3.2132631286626401     
   3.1194540606148551     
   2.6752474993135005     
   2.6143325492769449     
   2.3884415936499153     
   2.5951651247028962     
   2.4835205336856023     
   1.4599394826737917     
   4.1733689732901675     
   3.1053456863119204     
   1.7843967048293508     
   1.2438935240789528     
  0.83187305650991739     
   1.7780520815408947     
   2.6634860718632751     
   2.1472386037465307     
   2.1226356343311976     
   2.4477014795031740     
   2.1961840516485367     
   2.2344666034382930     
   2.3320381007060669     
   1.9669250488367076     
   3.2001913006485667     
   2.7776140685392861     
   1.8766802690136870     
   4.4161307486256440     
   1.7111927973728964     
   1.8302034885034348     
   2.2529369013515983     
   2.5409063948870472     
   2.5100459521249987     
   2.1142883038479576     
   1.0677819307432765     
   1.0054602417516791     
   4.4475642984094659     
   2.9132173081767907     
   6.3135104972718556     
   2.7482443497501849     
   2.1932561389446499     
   2.3128754739138464     
   2.0624966063864836     
   1.8895026062037479     
   2.4572745027160372     
   2.4034183520707870     
   1.9990917841909726     
   1.6779962291293247     
   1.9165738447551630     
   2.0850677109752973     
  0.95321185314829660     
   3.1234655469723922     
   2.5198237953144518     
   1.6266932066054112     
   4.6797575645321796     
   1.1747638952233306     
   2.8724725586028339     
  0.91385041094437724     
   2.5628159485942947     
   1.5865599550416587     
   1.3017389481502988     
   1.6176232557240220     
   3.6993649643880575     
   3.1021953928973689     
   2.3267859712534635     
   3.5770427975686769     
   2.2619541850672502     
   1.0300314190205240     
   4.0847064584138799     
   1.3956372218530566     
   2.7163987287451756     
   3.3370318864486364     
   2.0758018269984650     
   2.0850790110156159     
   2.6779596418758405     
  0.75545987353891964     
  0.83695784632302561     
   4.3535578845780929     
   4.1524957006988092     
   3.2896952902802514     
   2.4567497565961305     
   1.3899889308579314     
   2.3933169704091308     
   1.4598450671675292     
   1.6421811658811409     
   6.0690729709303479     
   3.3010606067704820     
   1.8790862585035535     
   2.2673667856819248     
   2.3284792782577504     
   4.9396568735290769     
   4.9638619248553502     
   2.0344201313223458     
   2.3695857947526555     
   2.4797803854642599     
   1.3187952145346931     
   4.4516584773805850     
   2.8943975592250961     
   2.8550048017262459     
   2.0833170303617541     
   2.7750939733461593     
   2.7132702857900619     
   1.4498796403473846     
   1.8367869600645066     
   3.0363568663862170     
   2.3293140173239775     
   1.1100275395065176     
   2.7399034502389412     
   4.6567342047620999     
   2.4689770002335361     
   3.1849051487745670     
   3.1718613840212186     
   10.278837658822418     
   10.304452688079273     
   4.8634108818929054     
   4.8788489253509466     
   2.7582563170885837     
   2.6444490936331917     
   4.6217911774655391     
   1.2672796892119267     
   1.3087211979229907     
   3.9602756670022354     
   1.5741072451953093     
   2.7727695136909665     
   2.7253631461878984     
   5.1717296716627628     
   2.1477325048306257     
   2.1917032402947014     
   3.2252757955758735     
   1.6918877798133793     
   1.7017992849574182     
   1.6264345052722362     
   1.7397268758600335     
   1.5019219156526800     
   3.0645549417933036     
  0.95220481491543230     
   1.5805785039766393     
   1.4702869859566867     
   2.2591765879324144     
   2.6339440092298170     
   1.3090527787808641     
   1.7480555104839282     
   1.6389933001482939     
   4.2785527934913263     
   4.2929045560778771     
   3.2524700498178798     
   3.2636299441587355     
   1.9140089444763055     
  0.72714775196223203     
   1.6071313407529384     
   3.3700170893739845     
   2.3466939588327960     
   1.2713166570965138     
   4.3776047125286501     
   4.3713207479641074     
   1.1456784450477007     
   2.9666605895127742     
   1.5513178507304319     
   4.6628858569099503     
   1.1706489446982864     
   1.1680251995085305     
   1.3120520412012608     
   2.5220933041677358     
   1.5803371161459250     
   2.0209801989547214     
   2.7146465356107696     
   2.0923472930166320     
   1.9668588861813578     
   1.7373170060480325     
   1.7925749214192639     
   1.7612696265931631     
   2.0345626067075564     
   1.2758824100034434     
   2.6939692902044685     
   5.7535622703186338     
   5.7318263349773755     
   1.8535277130400643     
   5.7487291139323231     
   3.6597661108443069     
   3.6372159805723880     
   1.9008714362424537     
   1.7958820784118557     
   1.6144663308250526     
   1.8822899334519838     
   3.6110642360652192     
   1.7808236779385451     
   1.9048387365380348     
  0.96895237537535917     
   1.6782749092505478     
  0.89456679256147720     
   1.1665857560568273     
   1.8093717948834498     
   2.3096390492020076     
   1.7737860149546576     
   3.2741895907951499     
  0.85042297467487693     
  0.73722973209889986     
   1.2205881555610718     
   1.6289099077581866     
   2.4170161456244572     
   2.4348598175384093     
   10.904354784698375     
   10.872793570221829     
   5.3071445515555009     
   3.4199131247122261     
   1.5646757124475459     
   1.5102157189299381     
   2.4195438770075590     
   2.3626142663828378     
   2.3506705247445598     
   5.1433533062241636     
   1.7918003153894153     
   3.8196563281560052     
   3.6740622027269283     
   3.7760462852122121     
   1.6387421904251280     
   1.3412319930551546     
   10.026527844734956     
   1.3020133034120529     
   1.4392193954855554     
   1.2909156530856909     
   1.0995780856490256     
   2.7650423105686497     
   1.0734052792123165     
   2.2426059528041362     
   5.3024865385747102     
  0.85157929721239833     
   1.5438943645346201     
   1.3221433712430848     
   2.6443209311360962     
   1.7915224163149723     
   1.2761609711113369     
   2.0779934713803656     
   2.5590513887130495     
   2.5460392680368975     
   1.8897144847281819     
   1.7927799133200961     
   1.8346022471082382     
   2.2332504794663253     
   2.2336119870379658     
   2.6314262035052560     
   3.1165373859810033     
   3.0915491775873893     
   4.1386489448985886     
   2.7893076083696760     
   1.7869338954491656     
   2.9386475443696014     
   1.1104903036870764     
   2.6342697842833180     
   3.4481557671173397     
   3.4222341412661152     
   1.2050065915904002     
   1.8162303943238403     
   3.4555397595312884     
   1.9898830882801721     
   1.8487306174208415     
  0.97932775628515323     
   2.3240415165924295     
   3.4965398661343796     
   8.8295047079246594     
   2.6199156992026089     
   2.6162101265001225     
   2.2731688951053988     
   3.6104536265160938     
   3.5076929119218425     
   3.7897009919522850     
   2.3086188416988951     
   1.1899477636079276     
   1.5687474571587041     
   1.4617800771211404     
   1.4628844950579105     
   1.6053450262853535     
   2.8929433286833888     
   3.4345495763433709     
   1.2845870392971754     
   4.1069060309751277     
   2.2979893932192605     
   2.5471072398007171     
   1.0979979117779703     
   1.8373108423039501     
   3.0889182801604349     
   6.5031244644498285     
  0.79404601914682260     
  0.86449995626394804     
  0.97123608079773915     
  0.89190069672297845     
   2.6035217538921103     
   2.6880331565496980     
   1.3107188339164368     
   2.8098890077042098     
   4.6745765907604664     
   1.3972707752595115     
   5.2052203599800224     
   3.0366482024135388     
   2.0872610460856507     
   2.1188222605621978     
   2.3032546890416272     
   2.7275195708892062     
   3.6239321156762481     
   2.0365064381041513     
   1.6825209626661375     
   1.6796821753930389     
   6.7446813129433787     
   2.5822202896510524     
   1.0790489868959223     
   1.7088618913168969     
   2.6445198957326208     
   2.6422477737501704     
   2.4815191200263533     
   1.1842862097420070     
   2.9177105481486629     
   1.2508240474906469     
   4.0525030847469488     
   2.2073040897336904     
   6.5277812863840357     
   6.4910015680185085     
   1.6655295413589655     
   1.9604341627283621     
   2.1903925523336816     
   2.2360314041981146     
   1.6185276769872885     
   2.1456329702674402     
   1.4693584394058472     
   1.6772055778107684     
   2.3475642251692661     
   3.2761317666142977     
   2.8377256524312395     
   1.2430823049502810     
   2.7650056432154071     
   2.7439914522993525     
   3.6161004147900102     
   1.5145242303420858     
   1.2446143504778919     
   1.2626047837533825     
   2.1767328348821251     
   2.9462700198993956     
   1.6933111108100991     
   2.1114993375136142     
   2.1232786755788289     
   2.1256811029940663     
   2.1290899068300506     
   1.2487643115905105     
   1.0380623985645401     
   2.2084396286309476     
   1.5152059932766493     
   1.8457364269451599     
   3.4097431624063850     
   1.7293933085957540     
   1.4361571155698469     
   1.3454231111617245     
   2.9585800868402337     
   2.9559277712023300     
   1.5320123417304110     
   1.5843954473554820     
   1.8931595418402682     
   1.9256270290308419     
   1.8707432451213948     
   2.0703363785915521     
   2.0968894023557874     
   4.5968083812361158     
   3.3746763637166310     
   4.7905042189165936     
   4.3061852277250319     
   3.3825492146305796     
   2.3007035775893483     
   10.077845152837844     
   9.8509259969437011     
   1.5009473525970149     
  0.97359900122611132     
   2.2790251838319699     
   5.3043396214141785     
   5.2119423037596233     
   3.1180068565497785     
  0.99937184812910340     
   2.0271695086285435     
   2.0541227678710015     
   2.0029730571455846     
   4.4186731689514129     
   3.1405973167452021     
   2.9933434714812392     
   1.2220288093741842     
   1.3418737284498687     
   1.5452708941403441     
   3.5404489587112535     
   2.4699103684762060     
   2.2393571532940411     
   5.6115916807504203     
   2.7293067481540958     
   2.6795788222534043     
   2.1416443500666325     
   2.0790717502020106     
   1.2383910473931201     
   1.3320608420015967     
   3.1575882797000170     
   3.1421995264288007     
   2.0015591360962937     
   1.9748842930893307     
   1.7099522912203591     
   1.6283229006188860     
   1.6044356035536349     
   1.8082912668218616     
   2.1764579008610920     
   5.8285412316834302     
   2.2024791969051467     
   1.1765614726801870     
   2.8384678328819648     
  0.83642830249268008     
   2.5360234680075036     
   2.2241593021857287     
   4.0517445086075652     
   4.1399641097611921     
   1.4777969048389830     
   4.7800716791264630     
   2.2368053463607702     
   1.7289814678691600     
   3.5356040524142744     
   1.7483300556093080     
   2.2383193134174180     
   3.5454642246540859     
   1.1857991273038135     
   2.0170086407001393     
   2.4980638981537271     
   3.6037390781050362     
   1.1149269892955505     
   1.9475830423025451     
   2.0083979773806386     
   2.0017611988343451     
   2.3649873857029458     
   2.6763316105545076     
   3.3941713554321562     
   2.4799076327924081     
   1.7180587643334311     
   1.1621789943780847     
   2.0964238947278351     
   1.9553049226130590     
   3.8495671733373849     
   6.4323399423421179     
   3.8867055627155032     
   3.8907445591432075     
   3.8922167503809089     
   2.5993681994482847     
   2.0081796809858274     
   2.9856194808300924     
   2.0138009473302394     
   5.4502766741441189     
   2.8830594087088186     
   3.4762208332580369     
   1.5073766252915188     
   2.9015130048247988     
   3.2423986880834454     
   1.9893475570347405     
  0.96570570784957965     
   3.2635259992431895     
   1.1233798755042150     
   2.1733914642462415     
   6.3124441978663528     
   6.2979526637571110     
   2.3305815083630486     
   1.6840922721384910     
   1.2166855421720737     
   3.2711399256862332     
   2.5242372849975530     
   1.6204687989102950     
   1.9969754693589958     
   2.6373232963246891     
   1.2584281815675837     
   4.9195986631054014     
   2.7935093047168915     
   2.7573654197172237     
   4.5577662538070411     
   2.8577498324079120     
   4.9031353423280448     
   2.6557255224683276     
   2.7305351192554350     
   3.6424146007515432     
   4.5962845379088790     
   2.9593265250076080     
   3.0176419144971187     
   3.0778087589656677     
  0.84284477223044751     
   2.0904686632455065     
   1.8666093178698560     
   1.2265754183388846     
   1.1180054949928580     
   1.8634406182974503     
   1.8811806291396067     
   1.1719899296138763     
   2.3713139315945422     
   1.3832250496063954     
   2.9044968954576489     
   2.0230938754661261     
   3.5662193325549727     
  0.71042793370493451     
   1.7325905392966121     
   1.5618440054386276     
   2.6255721015429963     
   1.0932152235862416     
   1.4533136978657901     
   1.6196895574952110     
   2.6246481494705698     
   9.3352624824991359     
   3.1500954521730424     
   3.1513225927214159     
   3.4589997509938510     
   3.3540930712648076     
   2.6987451989781484     
   2.1999641546308513     
   3.6186795503946323     
   1.9660342590608630     
   3.4384369940122763     
   3.7368893323950805     
   3.7484797590210990     
   1.4154295189315529     
   2.8064337224259970     
   2.9918714373557527     
   3.4424388117139078     
   2.8249994511435710     
   4.4467925240617472     
   3.3187317312309905     
   7.6523153526993024     
  0.91062479593953605     
   1.7485904465845448     
   1.6261519722842941     
   3.1634427038740656     
   2.0139545056742088     
   2.1549899151312437     
   3.1074087423995533     
   4.9703089863088739     
   1.7643831562241472     
   3.0773799311541121     
   2.8933391515382016     
   3.9471130003854031     
   1.1480162020316134     
   1.2159038988255106     
   1.3491946293832386     
   1.6338349613720486     
   1.8205195510588077     
   1.5172034742033369     
   1.5790249672747949     
   1.5925601161359819     
   2.2586771832043344     
   2.8034195820600898     
   1.1213548776401303     
   1.8119868497949385     
   1.6346128369999005     
   1.7393202394303870     
   7.2735726556872420     
   1.5915481031792711     
   1.2019938634445297     
   6.4479458721022711     
   2.8689529361082586     
   2.8262207568859128     
   2.9221611826335088     
   4.2641653889722155     
   1.6401773892620310     
   1.6608443413616305     
   2.3221717862922295     
  0.73584800500785541     
   3.9887822948115308     
   3.3199345014775590     
   1.6648825814292880     
   2.1009243964597011     
   2.1701276482967993     
   1.0479840122870290     
   2.5625731713652726     
   1.2239021302495849     
   1.6922455104326675     
   1.6675424598418409     
   2.6471306117872704     
   2.1252727031245442     
   1.5175153454546200     
   2.1192620006045000     
   1.4324481215431868     
   4.1395032418134505     
   1.4655631259119370     
   1.5341252875560867     
   1.5142990227656237     
   1.4595541398337193     
   3.2415013809939031     
   3.0840179659518174     
   2.1205778393000521     
   3.3066573640167141     
   3.4056639435008598     
   4.3622351220230096     
   2.6511692574123824     
   3.1388378078514911     
   1.1011230227168582     
   12.376000408537378     
   1.6894406822209911     
   1.2833481171712875     
  0.99841844680151437     
   1.9060713463721208     
  0.97651035952327203     
   1.2726285767735375     
   3.6714272999499440     
   1.5695979781021552     
   2.5490623052385741     
   2.5129579830400082     
   2.1737202125297297     
   2.1126681856615095     
   1.1253227524112912     
   1.8432319741225822     
   2.1687261632407995     
   1.9675131034140498     
   2.0037780942793786     
   2.4080184585735926     
   1.1243068525046538     
   1.4596377090617583     
   1.4222872050183499     
   2.3671532877634571     
   2.8292252823031276     
   2.4932999834250391     
   1.4813730618374774     
   1.4944401692169889     
   1.6784110591376582     
  0.78566711546709478     
   1.8223797995015354     
   1.2927615354329474     
   2.7863371867602056     
   2.2361681516521212     
   1.8834874375933250     
   1.9409390716859976     
   1.4156639058840415     
   3.8068446322617842     
   2.8888111381318855     
   2.0155145037463589     
   1.6688260606969234     
   3.9718236414607153     
   1.9939541728074255     
   1.8532107122861130     
   3.0050615224157129     
   2.2091325566284210     
   1.7661775094334144     
   1.5340425352007148     
   1.6162020910158867     
   2.2004579812105005     
   1.8590441563719666     
   10.324443596671964     
   3.3776894106682711     
   3.3771938205698726     
   5.0615510458742525     
   2.9546654040187414     
   3.0331148441199902     
   2.4068466716231289     
   2.3740281198721638     
   2.3623413288015698     
   1.8643770679252731     
   2.8210750044462065     
   2.8625651325305648     
   2.8252356077194714     
   2.5423010899916267     
   2.3566773601803104     
   2.3855337399189920     
   2.4102961838958703     
   4.9420656525087798     
   4.8746397527635823     
   4.8189359479574270     
   2.4459103638543627     
   1.1423634012626083     
   3.2078959994033309     
   6.6568590887779937     
   2.2882450435480020     
   3.2079351998940022     
   3.1602632758838776     
   3.1834587505415768     
   1.7703094705407607     
   2.6503291215699076     
   1.9149055428137411     
   3.4316794461819926     
   2.8659219105729425     
   2.0365965661829835     
   1.0418621943825677     
   1.7857395579950166     
  0.75291904658801090     
  0.97654460599781001     
   1.5193938189887140     
   3.3612695586092798     
   3.3873578740851698     
   2.3228516133874821     
   2.7172400586696157     
   2.6878507183653455     
   2.8527492666861272     
   3.4914277881459910     
   3.0669056145629483     
   4.8462991387470131     
   1.2837722745791083     
   3.1815163556835455     
   2.6839570422366470     
   1.2537517111712246     
   1.8811140536067550     
   1.1386600435744392     
   2.0588190667688004     
   2.0776859182655283     
   1.1675247870312617     
   1.0958709217365923     
   3.0788746993517297     
   3.3140350401381400     
   2.8446930136789126     
   2.8984569894226540     
   2.6993273916565221     
   2.6914917576365869     
   2.3637857802804696     
   3.4751933600147242     
   1.4596832715164629     
   3.1160373835175039     
   2.7597528583418525     
   1.4739800550856368     
   4.6192316543068745     
   3.6029895478654965     
   1.3188235461493405     
   3.2856252067004097     
   1.3796424898172763     
   3.2127810598659101     
   3.6225160938190895     
   2.0321599700573656     
   1.9748715272363213     
   2.3059176099777385     
   1.0907159861323421     
   2.3746314144870273     
   5.6690646478913980     
   1.9375231425267885     
   1.0765716915617796     
   1.4961679012311426     
  0.80938760989428182     
  0.90344640019998723     
  0.93922706013934210     
   4.3452291858204690     
  0.94001581022272829     
   2.9627676871455599     
   3.0011236654910918     
   2.9426570874026194     
   1.9015976953288656     
   1.0186649884081285     
   6.7718448361526642     
  0.97876025451450721     
   4.2757343609243570     
   1.7284138451220064     
   3.0799342822404072     
   3.1573506315442441     
   2.5714013138071037     
   2.6045260660525433     
   1.6902414100649297     
   2.9789304093176159     
   2.0019427064208846     
   2.0285318606864231     
   3.1214986644201450     
   2.0275235153808557     
   2.5335226185743926     
   2.5153707710592768     
   1.6373993493764092     
   3.5871920747840065     
   1.6924929524794139     
   4.4956984948566792     
   1.3886597239220182     
   1.5221625316159719     
   1.4968702558253182     
   2.5449101452189624     
   2.6394572961428726     
   2.6826293665019181     
   3.9364337311056690     
   1.7055068080712361     
   1.0934815212333870     
   2.6260912714372666     
   2.2935458999175378     
   4.1301096142852298     
   4.1966193007385781     
   1.1640983281479851     
   1.1143729285793975     
   1.2147012308573391     
   1.5928392421223176     
   1.8732576187365120     
   2.7067879597635729     
   2.0825306015340872     
   2.4160072841213105     
   1.9437651353953838     
   2.9288268103878563     
   2.0987751729815853     
   8.0077416434175621     
   2.1497868688128299     
   3.7518430104490896     
   1.5953750001071920     
   1.8859238284269322     
   3.0547375698741077     
   2.0867209321140492     
   4.0738583001762603     
   3.4610509702184338     
   1.8689094447179262     
   2.1151752606580314     
   4.1455029191442705     
   2.4161399649239672     
   1.0774894323897377     
   2.4270598454605445     
   2.7461850983819374     
   2.7433662140266586     
   2.8221186393944566     
   1.3987863354743009     
   2.1135711035359201     
   2.4489479314717291     
   5.5970208160720789     
   2.0575712123389414     
   1.2584260006203398     
   2.1725896882190749     
   2.7930906144963235     
   2.4004308437659492     
  0.60767758735548216     
   2.0906316981778632     
   3.1197820888636780     
   2.2758922810187894     
   2.2504047587395122     
   1.6367653700383504     
   1.6077831327894543     
   1.6527096658975768     
   1.7231774953152283     
   2.5242352000864248     
  0.94511411839648463     
   2.2869492149522035     
   2.4962256551627817     
   3.1540115816783714     
   1.1340277150505951     
   1.3190754003733915     
   2.9880954622042335     
   3.8383054839671988     
   2.1020768477048359     
   4.1030413635825616     
   2.3621976245362575     
   2.2684050944505914     
   2.2624290621688696     
   3.0712736501457303     
   1.7925822872422683     
   2.1614429234630221     
   2.1949118192436847     
   2.1214617571353136     
   1.1942061150278198     
   1.6155541930424413     
   3.2486284930043716     
   2.4532562737709758     
   2.0422374413319777     
   2.3750084215254970     
   2.3461625054630511     
   2.3508937360552458     
   2.1401447490590595     
   2.3254716670186490     
   2.8685014736218930     
   1.9638794385557872     
   8.5239866072192125     
   2.3051733455069012     
   2.2275671013943823     
   3.9374848358062162     
   3.9258712332274195     
   3.1815158260660339     
   2.0238124696192621     
   3.5832189736801312     
   4.4097665334023484     
   1.7505047635105808     
   4.0399080225100263     
   1.6546305265508312     
   1.6473180558435370     
   3.5245314427591166     
   5.3979969339203731     
   4.3442106792667916     
   3.5275294000090938     
   1.2691374763430190     
   1.0632250776067440     
   2.5035475734034622     
   1.5971642701503002     
   1.5977068806681889     
   1.6197306962868163     
   2.8217547094117958     
   4.5502711408266663     
   3.2558297738705892     
   2.9629238616355331     
   1.3560028587337349     
   1.3798063585780846     
   1.5030276767872133     
   1.7276341529826671     
   3.5002012784689995     
  0.93350183309790835     
   3.3124818197219490     
   3.3893779327937197     
   3.3909001081014520     
   2.3560810969813621     
   2.0293616798108070     
   3.0991024687621391     
   2.8358916633655773     
   4.7718765334389852     
   2.1332536611730846     
   2.5051943449314438     
   2.5017084775308898     
   1.7249053636076122     
   1.0774906057995857     
   7.9681966220483043     
   3.1268152343875570     
   2.2485598827423110     
   4.3713394816490139     
   2.5772042757779157     
   2.6010743928074289     
   2.4968551044417726     
   2.6615243320632764     
   1.7262747920547958     
   2.8267006041914828     
   2.7881957261598460     
   2.3136928845166196     
   9.7779786556935289     
   4.1562948042787271     
   4.9031422519748267     
   1.2845067194345545     
   1.3243924215885865     
   2.5243660381649820     
   1.0778609406045818     
   4.0532208479531713     
   5.7124525971906097     
   2.2566804265601230     
   1.9889787261493768     
   2.6020715301490114     
   1.6400889895875881     
  0.81276712702985643     
   3.5865294683157289     
   2.6408521451143030     
   1.9234269770423220     
   1.9542601796058434     
   1.6600205190450565     
   2.2092003329332606     
   1.5511560935420321     
   2.0354399460005861     
   2.0957187068380660     
   2.0932076331977036     
   1.8173340698111180     
   2.3363121396288253     
   3.8080092476921075     
  0.93190931594797743     
   3.4406562328115600     
   1.8761044001333529     
   1.9472535363749071     
   3.6940877694366305     
   3.6202881649676457     
   2.2243310101284579     
   4.2916950619933907     
   2.1031020423766607     
   1.3403607054738702     
   2.8899194212297141     
  0.93515576285079083     
  0.97567141781376121     
   2.5643066814173907     
   2.6265600101645292     
   3.7168736731416536     
   5.4845040514983578     
   3.1732905552007744     
   3.2190255348475714     
   6.3916780698735005     
   2.7194993403082122     
   1.0789623994675697     
   7.6053096821297945     
   1.9590267826654493     
   2.4696610615992109     
   2.4869930131866025     
   4.0946707246319569     
   3.2461728145482760     
   2.5114313164628812     
   2.5303082405791448     
   3.6072979498891038     
   1.2967346659943537     
   1.3671773950735340     
   3.7416588594375271     
   3.4153024644719547     
   2.0468551875170236     
   2.0779880963877893     
   1.8626878845468335     
   5.3375545312193271     
   1.3102780034018890     
   2.5467090315529703     
   2.5277305078862895     
   1.4559562656123646     
   3.2552553807307349     
   1.8752405567974106     
   2.5255966922151454     
   2.4444511529761628     
   1.6902211217430552     
   1.7957050652144257     
   1.6803061425515113     
   2.7483203802241092     
   2.5973216912146704     
   6.1400277150854317     
   2.4572801945211764     
   5.7094028109806478     
   1.5007050288671913     
   1.0790632861189871     
   2.3299961681456254     
   3.0148885947987223     
   1.6703329822673718     
   3.3881271099066779     
   2.2406249275597041     
   2.1072647966512927     
   6.7648829335253007     
   1.4851167475235734     
   2.4165303185663261     
   1.9387044952020118     
   2.4396802046779831     
  0.90885136870693872     
   2.8311754257540449     
   1.3505503399335834     
   7.1256553827060456     
   1.6293137167718423     
   2.4931675538324201     
   2.1746892638699058     
   1.4606539981846485     
   3.4659257244713242     
   3.4034853362932416     
   1.8614980563240020     
   1.8050905553206591     
   10.380852605921012     
   10.368596895702982     
   10.356463224674687     
   6.6914335329091292     
   2.1325748606486434     
   1.0647125860559170     
   2.4949644664820485     
   5.4245751763254955     
   5.7497810417648196     
   1.9435836331655683     
   5.3584098947912739     
   2.0301273443990264     
   1.8042121369780766     
   1.8668801191301871     
   1.7943881685418612     
   2.4510222561691979     
   1.8179887688383625     
   2.1699049898338614     
   2.2548585919779507     
   2.5943126130268386     
   3.6073427068566373     
   2.1868142047436692     
   1.2980088397019103     
   2.2973186538759998     
   1.5741057215452525     
   2.1389146353829771     
   1.7158686161193624     
   1.1136385653605627     
   4.1990779764443920     
   1.3363744094131416     
   1.2970195197649463     
   1.2652614285191675     
   1.3180670013892939     
   1.4373307128361050     
   2.6814957003092674     
   1.3990970709972546     
   4.7196894086308889     
   1.9313305597798791     
   2.1664705501860082     
   2.2431019192057748     
   1.7228903946530669     
   2.2778612903312019     
   5.1644737080466827     
   2.5886717018841288     
   4.3808829383999210     
   3.6785268413344454     
   2.4466223392875155     
   2.2802693268981398     
   1.7759558323620492     
   1.5601764900975008     
   1.3950284650293505     
   1.9981890827667241     
   2.7577969490228416     
   2.8570176287684390     
  0.99453613983558065     
   2.7385070010407255     
   2.8276480415258987     
   2.6806829008101873     
   2.3291428221011161     
   3.0137059097920438     
   3.0116860395086347     
   1.5727852621253489     
   2.7708172321625475     
   2.7935596855749631     
   2.8297171864257495     
  0.78049653180044576     
