   1.8598737119195690     
   1.0300395468106649     
   2.2094250897381800     
   2.9359304971701068     
   2.9935840038822756     
   2.2350142606617851     
   3.0344796841274615     
   2.6037087201182354     
   1.8640964457076346     
   3.0538792068420544     
   2.5008886665381240     
   1.4945194442850436     
   7.4371917837838488     
   2.4901749847167634     
   12.055622055464703     
   2.2160278486222804     
   2.0866375120637333     
   5.7490479645681631     
   5.7555125294584695     
   2.7417385413498749     
   7.5311838675623282     
   7.5898702820192510     
   4.7395956186702639     
   2.1432387259648564     
   2.4739019950748453     
   1.2214328092150555     
   1.8869781327722515     
   1.3160936202949598     
   2.1669501509214615     
   1.3067484767722315     
   2.7002581591131167     
   3.5945996757397345     
   2.1282890241924637     
   1.2673729963240108     
   2.3287444046437495     
   1.3529126045488684     
   4.0751154770952409     
   3.5421284568025748     
   1.0979750313952992     
   2.3972368370561723     
   2.4038144140326030     
   4.5024015863251616     
   2.4382701705073520     
   2.3974901081709330     
   2.2498845044084450     
   4.7558522033051078     
   2.1969573921243821     
   1.3547869761445339     
   3.3284391419621810     
   3.4204444969750747     
   1.4847251438532398     
   2.5183639937836735     
   1.8681885559287859     
   1.8047905233638113     
   3.1953579069514682     
   1.8464924815346917     
   1.1943582319905468     
   1.2179530143838988     
   1.6808047788524179     
   1.2345990408198637     
   1.5329566716211653     
   3.2007315162216941     
   2.2175216440803354     
   1.9257872354221826     
   1.9782422252587715     
   1.9064039819523533     
   2.2986623110737061     
   1.8318991486870733     
   1.8400826848245260     
   1.0093711493220723     
   3.2585870030980568     
   1.9831856842196918     
   2.1777493542510027     
   1.8584385149240346     
   2.0224207143572057     
   2.0357189599567849     
   2.7011595685490168     
  0.75412796298565810     
   2.8801221875760508     
   2.3292631416573784     
   1.2952358355362037     
   1.3064493811209696     
   1.3172562650431596     
   1.4115012254386943     
   2.1840832185240058     
   1.5892378767689097     
   2.7710316919870621     
   3.8926898221595594     
   2.1427135330784206     
   2.0843531503567800     
   2.5217993150563700     
   2.7880819396103096     
   2.4279392349457729     
   3.1629232003627061     
   1.0702108872295686     
   1.1275449956085974     
   1.9693198626601061     
   2.5684183235566320     
   3.7594371154120862     
   2.1111318894899402     
   2.7710468701850428     
   2.1468897879335085     
   2.0230950984394811     
   1.6985021276220602     
   1.4698423057674948     
   3.4879713163377124     
   3.6642967820802879     
   1.1701959175352126     
   3.3735652810625716     
   3.3473442416110992     
   2.5012028502771786     
   1.3235903160287843     
   3.5545314802148869     
   1.8446523590819612     
   1.1400391710894773     
   7.8462560509213573     
   7.8803903488369631     
   1.8541310281538055     
   3.4845626963512863     
   3.4029229982766007     
   1.8885166073529080     
   2.4304800547450300     
   1.4970275433880247     
   6.3621080391948484     
   1.5172555950506883     
   2.4422186700659543     
   1.9951621523840481     
   1.9518900936832966     
   2.3490201582235088     
   1.1033904906277170     
   5.3184406831443169     
   2.0156080529116305     
   2.0419738464358326     
   1.2643361062490135     
   1.5019071760192444     
   1.3276614241126334     
   1.7092704271353338     
   1.6289431795857612     
   2.7838559593989762     
   2.7742862980379517     
   2.3177417386447114     
   2.0042364391090257     
   1.7926937262554707     
   3.0408785059472772     
   1.2505072992035680     
   1.1157816701842929     
   1.1788299421254007     
   1.1936642058789184     
   3.3763911976119139     
   2.4503800898603405     
   1.0750871095438903     
   2.4204608079655601     
   1.6881092429469862     
   2.9526631615046006     
   2.2616709066565210     
   2.0657951649279571     
   2.6840835180742708     
   2.7115181270958320     
   5.6346986044322218     
   2.6358982068276400     
   1.6064666069980864     
   2.6422079514960917     
   2.1370785208861940     
   2.0920373394530793     
   3.3865311854063518     
   3.3351375366665423     
   2.5990136020661421     
   1.5743581538997498     
   1.3016766515696250     
   3.2327506419075696     
   3.2611346556985414     
   6.6301750513662281     
   6.6830452517294825     
   5.5821311556806847     
   3.1612370634377545     
   2.4074891801781790     
   1.3822027938660790     
   1.4349239113606154     
   1.8679336864190115     
   4.4786016763293750     
   2.1043918621282143     
   2.5755659237931026     
  0.70924051206397432     
  0.66096922347409259     
   2.7609852195614177     
   2.8430367889354264     
   1.6749340308714811     
   1.7387625134267712     
   2.3630806336681993     
  0.94289469582906582     
   1.5953461271503659     
   1.5939249860262450     
   2.7667378194679499     
   2.7952451652000838     
   1.9569344392632786     
   2.1973089646243431     
   2.0793802256085838     
   2.7940618967675981     
   1.2698897798527029     
   1.8598855802599314     
   1.3841271004791931     
   1.5730257085484050     
   1.5496933665171684     
   4.9078264680068608     
   4.2909670763108840     
   4.3793636552404323     
   3.3438238273295706     
   6.6247051135380888     
   3.7327619726146386     
  0.86480158406720453     
  0.85048852146887099     
   3.7929152752211688     
   1.5188705259362691     
   1.5268872411457033     
   1.4867218937126652     
   1.4982819958315241     
   1.8213379312507807     
   1.8649807978610615     
   1.1992418591891874     
   2.7329845741940049     
   4.3360885773595239     
   1.5453947090815414     
   1.6827309124916729     
   2.6942838969173604     
   2.6484264597149507     
   2.5442609796303404     
   2.6845715781419255     
   1.3585923020740136     
   1.5269044349744127     
   1.0835132130504397     
   2.9493292151548611     
   1.9247384197670454     
  0.87624759145900033     
   2.2276270391855313     
   1.4597308326849439     
   2.4770705291595769     
   3.4751636389824281     
   3.4154679421809213     
   3.6892258551038264     
   1.8270102874093803     
   1.9229811520021272     
   2.6796341166088808     
   4.5033152962462593     
   2.0946969357327081     
   1.7119562522956508     
  0.85777136893016581     
   2.0043900480346415     
   1.6631342265484530     
   1.7390455157696112     
   1.9649880273653659     
   2.5245631151793462     
   2.8467499352897128     
   1.9909436067895026     
   2.3937363741923363     
   2.4048826357790398     
   3.1713364313536192     
   3.1307237018996283     
   1.6255791643095632     
  0.89686317814541494     
  0.93839470990864216     
   3.8967291436594373     
   3.8883671469829229     
   2.4633051315256433     
   1.5549259083493929     
   2.2060374941671976     
   2.2298805575117644     
   2.2772836464641539     
   5.2444905131994348     
   3.1517284337105966     
   3.4365362978325487     
   9.4509963353100712     
   1.9292718568017762     
   9.5134757933179248     
   4.0920973924998201     
   2.4186324854008947     
   2.4432989743526576     
   3.0858108632464165     
   3.1065265454606581     
   3.9840764739252981     
   5.3987030462590893     
   2.4494716338170393     
   2.2158015405154110     
   2.1627699506411018     
   2.7485145224019094     
   1.9489867345163174     
   3.9706284867725357     
   2.5507223177693450     
   4.6247971259112015     
   2.3873207853463088     
   3.6021345859254579     
   1.9942626173777611     
   1.7092639589932914     
   7.8605560343013847     
   1.6158098545430497     
   1.0904347680083768     
   3.1095467595364950     
   5.8663968600789795     
   2.0384729286707688     
   1.9940813240810651     
   3.4909816986231359     
   1.5349239613564190     
   1.2262388576972167     
   3.1061904357731458     
   3.0788073589841458     
   3.0977890926523739     
   4.5797969712777284     
   2.4425734078823460     
   1.8036669754369803     
   2.1081684149384654     
   2.1420143711056370     
   4.3080032847345091     
   3.0847042013525354     
   3.7964408148761981     
   1.1874885863326623     
   1.1677923933929779     
   2.2990636174072097     
   1.9274841560990765     
   2.7123562913511794     
   1.5747421907977337     
   1.4875695877169086     
   2.0231772733341327     
   2.7503595504122424     
   2.9080752087066886     
   3.2940767677692659     
   1.6567476943967874     
   1.2546653017410370     
   2.1884297962906940     
   1.9877707342564954     
   4.4280565302963257     
   2.5198904288065092     
   4.7935454769241552     
   1.2824100470357327     
   1.8183253685202470     
   2.4028961634293702     
   1.3321744709546024     
   3.8231374581092195     
   3.8438528147397926     
   2.3925566999018453     
   3.1082033362541077     
   1.4460525134298186     
   1.5413945789208263     
   2.4272359850269023     
   1.1937633475512248     
   3.0419795908701435     
   2.1446754081899480     
   1.9561239456441084     
   1.2561082827739967     
   4.4637598917072498     
  0.96543403457238441     
   1.0669963666637838     
  0.84463287016305399     
   1.2118530530767271     
   1.3728027877065501     
   2.0400844859966205     
   1.5377788946908413     
   2.4515971577188695     
   1.7661725401244850     
   2.9432098589989151     
   2.3470715242004969     
   1.5416457797684386     
   1.1047704286644584     
   2.6869538618041453     
   2.5980176934216974     
   2.8570149397050324     
   1.6801238786609654     
   1.1251734105686215     
   4.7991659558420103     
   4.8389289024383277     
   2.7541584278102520     
   3.3223136426047311     
   4.4608171229830518     
   3.2103416350275116     
   2.5711031578171122     
   2.4999855744729267     
   5.7543593759272564     
   3.0159796688466289     
  0.69058842781438567     
   1.6265574959020184     
   2.1314594951429378     
  0.99159064524601936     
   1.7121321790028150     
   2.4634357785400902     
   2.6044167043942075     
   1.0817335757917985     
   3.4086167159028267     
   3.4203381272029607     
   8.4943359291139497     
   1.0996788738012135     
   1.1317151160445915     
   1.6077872578133381     
   1.8447439217646016     
   1.7986339459128176     
   1.2763587286758873     
   1.9906772094011658     
   3.5126564902704374     
   2.5230474861440815     
   2.4891204500091035     
   2.0751873812599988     
   6.3349028836957260     
   4.3930100253608142     
   4.3853249629352424     
   3.2085763512611694     
   2.5674195272662992     
   1.8490613536371814     
   4.7254870379955793     
   2.5774343333056993     
   1.7567907166603194     
   1.9568952797021166     
   1.9574603478239891     
   1.4779320057440386     
   6.6184702270692819     
   2.9919877843615055     
   3.8579640459697240     
   3.3624909888829300     
   3.6069175880501736     
   2.2134610670707935     
   3.0774419101189787     
   8.8542587530948271     
   1.3942751279472585     
   2.5662263594722186     
   3.5167245157087779     
   3.1947832204405295     
   3.1650476385469242     
  0.67343881456956101     
   3.0060857035824213     
   1.5436449082121624     
   1.2985360780751285     
   2.4816496237819292     
   2.0293335621712494     
   1.0918018908766041     
   3.3861878958118781     
   1.6576504567631387     
   2.2978213565853620     
   1.4304567420196055     
   1.6633867676606204     
   1.8131534546072574     
   1.8019879517011768     
   2.2482301492757628     
   1.5901139343788988     
   1.5213835183835220     
   2.9170008991098020     
   2.6947319584367406     
   2.6787845849562824     
   1.8749519056630606     
   2.0284381493972656     
   2.9942129763909877     
   2.3813427044813138     
  0.79614007823929422     
   5.4907258551430491     
   4.1779394434761947     
   1.7649362528674122     
   1.6889779042986779     
   1.1780348883019358     
   2.6378731359386141     
   2.8740692592267334     
   2.1513220662499486     
   4.7208306476642807     
   2.7862863232329560     
   1.5296550537539875     
   2.2943082910520038     
   2.2390182650374331     
   1.5155767994784288     
   3.5366077699175875     
   1.7381149683756645     
   3.1302078827748581     
   1.1213662507110878     
   2.2328748142306707     
   2.1123066571728475     
   1.3581011125723614     
   2.3723496295731890     
   1.8797085048873368     
   2.2240645711886180     
   1.5579886841238395     
   1.5439829884148388     
   2.1317828538129948     
   2.5964643117495756     
   8.1671393927325813     
   7.4571034562545524     
   1.7022339924781733     
   3.3303833139631975     
   1.3499905673456463     
   1.9544196695644396     
   2.4629672546826118     
   3.0709784298220630     
   3.0744825222708583     
   1.7262737061833735     
   2.4160479136766209     
   1.9021852721667283     
   1.6908386615463149     
   1.5680286352274231     
   1.6042202018312273     
   2.8658259416150051     
   2.0685417736600131     
   3.4792074405827020     
   4.3986390932271560     
   1.8473737911010424     
   2.6986588583245950     
   2.6859593403063817     
   1.2825266176352519     
   7.8240637107515338     
   1.9451849728346711     
   1.9901745784810745     
   1.8214689878873109     
   2.2191731048577892     
   2.1305481840645450     
   2.3721752586728537     
   1.6667157008871671     
   3.3325976429361761     
  0.98984806235667722     
   1.1171956936231158     
   5.9572888422454175     
   1.5391340482710620     
   2.2256705759158977     
   2.0034855238737572     
   1.1257848244943229     
   1.3538724540737668     
   2.5134380932519136     
   2.2547997472968766     
   2.0331394238222287     
   2.0625233308992166     
   1.7386388679051423     
   2.3736750400928504     
   7.1769689446922014     
   2.8940965882871383     
   1.9982484455327556     
   1.0950507108643781     
   2.9373531631400880     
   1.6582150619431977     
   1.6312215066019295     
   1.2170667478880346     
   1.2002524041938889     
   1.4059217601409422     
   2.2351447085349085     
   2.1539809962994303     
   1.8453074332286519     
   9.5534252046230392     
   1.8300537713018887     
   1.3548872416714475     
   2.7459764681072660     
   8.5529290338932888     
   1.6329296022664204     
   4.0494316013912606     
   1.8146007455478017     
   1.1742838386965881     
  0.88925470097958881     
   1.2945402148245351     
   1.2205219983772948     
   1.1812757505210185     
   1.4747875362685448     
   2.9152123541534727     
   2.9315575777010330     
   1.6282464007439763     
   3.7325280681648967     
   1.6394383901669469     
   1.6787956632814396     
   1.1508707090343362     
   2.7639983837001125     
   2.2766599491200972     
   2.3402204001899749     
   2.8026079890206526     
   1.9165664640255333     
  0.83988270799725884     
   1.0869793981258371     
   1.1415890468828533     
   6.4030852277293633     
   3.2811797688743014     
   3.4026780546888187     
   5.3040132855152020     
   1.4456625288204767     
   3.1403462035276042     
   1.7004687997163206     
   1.7002116696731027     
   1.7931986660144232     
   2.2073001658477485     
   2.9394078093148206     
   3.5981430638827634     
   1.8658144649551680     
   3.8094391048277285     
   2.1872938196837692     
   1.1367200171522096     
   1.7801571370958276     
   2.5203507834739063     
   2.4672199858411750     
   2.8208476975236358     
   1.3257170920785473     
   1.5160693286396014     
   3.0879223564706257     
   3.6834676581987944     
   1.8825973822581155     
   1.0811286738982091     
   4.5950274893326029     
   4.5598413913626157     
   1.6502959329357434     
   2.3346771609524746     
   2.6759211798342228     
   2.2248139529496180     
   5.5971446445427775     
   2.3165280057649671     
   1.1679322461489912     
   1.6131675785043618     
   1.5242519307415892     
   1.6282927112661574     
   1.6250544849719406     
   2.0660132656247376     
   2.2238975173894913     
   9.7554347387818936     
   2.2497192252751055     
   1.9407551588421688     
   2.1583046403985691     
   1.0815287385457799     
   3.1313811987648918     
   6.9866885459581471     
   4.3483316707922732     
   1.4494443663489072     
   1.3506004395695765     
   2.0351494411371811     
   2.3446716285953442     
   2.4304018792911495     
   1.3535777350993210     
   2.7016407987686417     
   1.9816316867294026     
   1.9327035698819075     
   2.9033625361911648     
   1.7407993392201369     
   5.2341662888237126     
   1.7774293030876926     
   2.7590269384291033     
   2.7943467233566248     
   1.5556726923504076     
   1.7055415000192837     
   1.6389176265935268     
   2.8974595020306890     
   1.4746139535898397     
   1.5544199720253622     
   2.0205662368851192     
   2.5327996949444942     
   1.2588604932543006     
   1.9043687306656820     
   4.6553939933738828     
   1.8014586180295784     
   1.8536779513656998     
   1.2272740205014199     
   1.7088597356445343     
   6.3607216832615867     
   2.8735833823158283     
   3.1550385372734544     
   1.0970172188895737     
   2.4439878082680626     
   1.8857800412505292     
   1.8212283461789336     
   3.3258577472320634     
   1.4204694173019523     
   1.3616351892191398     
   1.2717192134442961     
   2.8011203944700349     
   3.8663568037162301     
   3.9006170695761821     
   3.8557216322980423     
   2.3430333768027141     
   2.2319292647908884     
   3.4598347311786988     
   2.3109869966166148     
   2.5555662668849735     
   1.0301611091426239     
   2.2960039372167182     
   1.4930278134096924     
  0.84693900797101662     
   3.4074166487148063     
   1.5799495202441154     
   2.4631254962228737     
   2.5383029003323099     
   2.8534115071672055     
   4.4901648247075254     
   4.4506209815055060     
   1.1485466488423728     
   1.1392124385955260     
   2.1595403651069143     
   2.1962719380967313     
   1.7041140015768284     
   1.4387443624235705     
   1.2165108290973328     
   1.8726425502151758     
   1.5943250881734865     
   2.2042100116388905     
   2.4845866816474702     
   2.0265657425934873     
   2.4096902440747168     
   2.5908939216067046     
   2.6080017750410347     
   9.6665069028527721     
   2.4392046918553829     
   2.4177920631844776     
   4.2974425111086880     
   2.5510496588476985     
   3.2672651881976873     
   2.9269268413187857     
   1.7657595714262562     
   2.7518345537254323     
   3.9845516351094643     
   4.0150580185648383     
   3.7806671265830984     
   3.2607302730188938     
   2.1680237490631709     
   2.5038431401919707     
   1.4157238037835005     
   2.1203635605709388     
  0.74417163309376488     
   3.6174993687481480     
   1.9754355347630672     
   2.7246098583821738     
   1.9767793831520777     
   4.9912380304250989     
   1.9919985123988826     
   5.9812925102028318     
   1.7627301880916830     
   1.5489191068951964     
   3.5108437100252265     
   1.5212275158459612     
   2.4739320313151421     
   2.7076624624849313     
   2.6888659266436465     
   3.4367403436610373     
   1.4664174984865375     
   2.9847525068835665     
   1.9564950717542391     
   1.4296468856373326     
   2.7388271539045554     
   3.1640910313196438     
   3.3799327117722906     
   4.2924105953261540     
   2.2818052828918955     
   2.2704667773344589     
   2.2633894572582021     
   1.7259099674592997     
   2.4098814652713152     
   2.1706530633848189     
  0.79544752532014962     
   1.0260583590172876     
   3.1513136426807549     
   2.6953101457092434     
   3.5075924399617673     
   1.8756369779302602     
   1.8817688468848686     
   1.5099816844358560     
   1.6969043575367411     
   1.7555306498416492     
   2.2494253190925426     
   3.7137353924936094     
   3.6872234201532397     
   1.2702210601527844     
   2.0694642159317342     
   1.6959850246065280     
   1.5720454172044112     
   1.7653641684962733     
   1.9157093803598091     
   1.9572725110384566     
   2.7041107375153355     
  0.87184305675840923     
   12.332841925822033     
   1.2114084970781218     
   1.8443213725577237     
   2.3738700460726498     
   2.2615696058007893     
   1.6078508426670286     
   2.1587573358151726     
   1.1682448707073663     
   1.4106015118857389     
   1.1190077989954974     
   4.2082061328350449     
   3.0323118308027630     
   2.4959737392926900     
   2.9506824565461338     
   7.3172744048070459     
   7.2944956339359450     
   1.7185890843587102     
   5.6613107689111377     
   2.8451452685126282     
   2.9644836873444218     
   1.7858425428113871     
   2.6695234803159216     
   1.8698234331446626     
   4.5984129027394944     
   4.6037885846535840     
   2.4231964798791097     
   2.1995591115460411     
   4.4841113982764176     
   1.7333364759989196     
   1.8250729701174426     
   5.7793471080683316     
   5.8350799118301495     
   2.5904000401708478     
   2.6111640289321683     
   2.6418568382747849     
   3.8545018535539270     
   3.1346557333177820     
   3.0708314179484093     
   3.1111231241134139     
   2.0304595129193173     
   4.8253760892360162     
   2.8994337395758620     
   1.0126815539397624     
   2.5603466050186574     
   1.9832802424353779     
   1.9284000308457445     
   1.3730487060753964     
   1.0628670682943420     
   2.4335265604341809     
   2.4663955655570797     
   2.4294021179478600     
   2.1172247955782937     
   1.5003473127701130     
   4.3822258902335474     
   2.5784706949550418     
   3.5079294476733693     
   3.5805966924150030     
   1.0804071014460115     
   3.5845874014073513     
   1.0640554236028064     
   2.7341361196095235     
   2.9991393620831941     
   2.3777936921890519     
   1.2977898941022106     
   1.7678562043653148     
   1.7871817458543131     
   2.7501335592790124     
   2.7925723674663505     
   1.7509214394361610     
   2.5778336387079448     
   1.4492849326018100     
   1.4590122595435626     
   3.4790345565659972     
   1.8267289049688236     
   2.7206509692002130     
  0.81413022603106022     
  0.83861280593781218     
   2.5294960903431623     
   1.9969287819864590     
   4.0655940967369029     
   2.9308067474318120     
   2.5055394020251041     
   1.7259338530348136     
   1.0031228310370113     
   1.5395118979161297     
   1.4170497984593720     
   4.1139436960488274     
   3.1674731917800862     
   2.4405021291028728     
   2.3653941019843807     
   2.3890236252984116     
   1.2777486271776648     
   4.5006844578415564     
   4.5398521242847902     
   3.3273852560484909     
   2.0864788687178812     
   1.9237673593030831     
   1.9531381996446620     
   1.9440563068810774     
  0.95251924947003486     
   1.3297966687560052     
   1.4590358893229507     
   1.5694193799889891     
   1.2417398838791478     
   2.3272043860686042     
   2.3336462922616801     
   2.9575604367725186     
   3.2636705584779717     
   2.6349037893598064     
   3.0246208781985571     
   2.8149554971397577     
   3.0446701095514790     
   4.3438449976533855     
   3.3331922061394086     
   2.0550549639181295     
   1.4563109002836081     
   6.7750799879403987     
   4.0652201782542541     
   4.0595507089555891     
   1.2267809774945782     
   1.0750879022785647     
   2.9440062243293217     
   2.1745619133221843     
   8.9719989656467511     
   8.9292555764619372     
   2.4126423102297303     
   2.4185355277833285     
   1.9069453758047954     
   2.5442586255902007     
   2.5552069619374267     
   3.9988137472519694     
   5.1554430801499720     
   1.2101524567257687     
   2.2245871036049936     
   1.6827810048619907     
   2.1033357651957387     
   2.7115572404025627     
   1.5410203333273145     
   6.7820129760143493     
   1.5495277346288285     
   5.8873178522970440     
   1.4619593482521054     
   3.0317231072071622     
   2.6434746728880949     
   2.5906818616343243     
   2.9434599047878200     
   2.4872832247219026     
   2.4855154263256507     
   2.5066839385709700     
   2.5302982279251180     
   1.4010044017026466     
   1.7763913219165657     
   2.7947707659827312     
   3.8619429304952724     
   2.1271651873850828     
   1.4969005847691887     
   1.3383022831470823     
   2.8695375459713350     
   2.8798978228879850     
  0.93074945161788458     
   2.6547563545813699     
  0.91177444204386193     
  0.98045148338413746     
   2.6967737247275125     
   1.8669933223597188     
   2.3742261395882776     
   3.5228808544715462     
   2.4406281621380810     
   1.3628014071813734     
   1.9809518926053229     
   1.6639750243431275     
   1.9040755471993747     
   1.9112261719596004     
   5.0372487638266934     
   1.1001212359347743     
   1.6888160072874339     
   1.3226538067972200     
   3.5577382592492608     
   2.3486929589029515     
   2.2404542248594010     
   2.1465793432731006     
   2.2209823078605599     
   2.8280448105748759     
   2.7573754862969491     
   4.2813933060129505     
   1.6362931455633223     
   2.9215995257581029     
   1.4245102354196879     
   3.4797439345260721     
   1.6717714131469563     
   1.5007602517906622     
   1.3602740704789162     
   3.7492909441030644     
   1.9451078198407663     
   2.6758325190839249     
   2.6839277288119008     
   1.7594871450995084     
   2.0109786187982808     
  0.52740112444079212     
   1.7983079276587928     
   3.7230952706146363     
   1.7200338917557205     
   2.0542530345212011     
   3.5855984959298537     
   2.9615574554962256     
   2.0695102584726195     
   2.0757645576584127     
   2.2307323488176705     
   3.6296530001337914     
   2.2002883613111295     
   4.5636789699834264     
   1.5716118995271664     
   2.2145184766979207     
   1.4866501818643396     
   3.4138063681531134     
   3.1313440459097666     
   1.5535729788806223     
   4.5394136634281086     
   1.6738657170752960     
   2.3142452179213917     
   5.8043551711981305     
  0.74048684241128582     
   2.0249234633818420     
   4.7333998196467348     
   4.2788097137591725     
   4.7598772116257750     
   4.8135885724640906     
   2.5262534389202798     
   3.0117551523618240     
   1.3805905156373666     
   2.2367448596477120     
   5.0968837425129063     
   1.8824526276511351     
   2.0731276758622323     
   1.9789005834894973     
   2.5749465990843738     
   1.4823942365855003     
   1.7244365115671838     
   1.5710140367455467     
   1.6632784772948985     
   1.6948039285313237     
   3.0594007268618100     
   3.3729675673263122     
   3.3795678411625545     
   2.1576429591541890     
   3.4562171160932529     
   1.6537084339766852     
   2.5613829130667010     
   2.2580121100461263     
   1.1081677956943461     
   1.0787217231453134     
   1.0228939764767742     
   3.3081247732196872     
   1.5301886303570846     
   3.1063858245458769     
   1.0948759287440180     
   3.6376288202797209     
   1.5005079084820820     
   2.6443754278605716     
   2.8771768451797528     
   2.9623772232053636     
   1.5780422708091628     
   2.6176632244807574     
   1.2386034733906204     
   2.2630022228532209     
   2.0842780761110209     
   4.5182055130271888     
   7.6215509272831179     
   1.7434095042357571     
   2.5374428534695528     
   1.3704563060645889     
   3.6659768850550707     
   1.7928558417587213     
   5.7766053855370698     
   1.7734863691385501     
   2.6860804447563589     
   10.249965286914174     
   1.9663376196581153     
   1.9560587590588998     
   2.2237838535230625     
   1.8541962893493926     
   1.5873267170325569     
   3.3196827970080216     
   2.9131795085192214     
   4.6776555184473665     
   3.7569498989874059     
   2.7149668680858117     
   1.6370917155516098     
   1.9724656788779351     
   3.0617404411339919     
   2.3801263060714293     
   7.5741151413289671     
   1.4125789352923213     
   1.1484020299652442     
   2.9962004246283320     
   1.7204393315781703     
   1.2863597484548215     
   3.8735531183262117     
   2.2200598012598172     
   1.4000698923866306     
   1.3055102721003833     
   3.0768940703640215     
   1.0633262700709465     
   2.9008832531573940     
   6.7276712051108554     
   2.2634997068602827     
   1.4215610541449424     
   1.8448939127617110     
   2.1661585848520972     
   3.6079362524264122     
   2.3364693906479324     
   1.2362565445904374     
   5.6762422661468568     
   5.0772011806529767     
   2.1512269450859649     
   3.3244065806835450     
   1.1448756603442349     
   2.3706499440689877     
   2.3255267078506980     
   1.5865630084491422     
   1.7108177693831350     
   4.3516170626974660     
   3.6514057380900966     
   3.7125463401010590     
   4.1360544484166981     
   4.0528799331366754     
   1.1480934640139311     
  0.86705127175591301     
   2.2076258668436957     
   2.4354927132076023     
   4.4238164932023807     
   1.1560245008183860     
   3.0906374250743363     
   2.9227576505655777     
   1.0823927853316255     
   3.2522726932222024     
   3.2659185999859406     
   1.5850624421122383     
   4.5041680183980715     
   2.3727938016250083     
   3.2718799200106217     
   3.1487060048750979     
   3.1033344226350099     
   3.1688665305386170     
   3.8764282956819929     
   2.1873503593169010     
   2.1039129131512504     
   5.3864947748054783     
   3.6653270256064152     
   3.6392601055295106     
   2.3714045495874894     
   1.8589933877443316     
   1.5725744765843941     
   1.6455871013408556     
   3.4859206689627888     
   2.2517071858067181     
   1.6146866541134479     
   1.5702533026096299     
   8.2241753675665503     
  0.82328820685584436     
   2.4722199388162354     
   2.5059778855063826     
   1.7231631143938579     
   1.0900658211069454     
   1.0773227537221097     
   1.4847794489539345     
   2.1887559302019231     
   5.4634934254008218     
   8.0848437297944322     
   5.0953574723079438     
   2.4620714174722975     
   3.6586222282839724     
   2.5302534142595348     
   2.4907099794702363     
   1.5784467941441498     
   2.8738464411601803     
   2.8208149044691395     
   2.8421537601783111     
   2.4199199241443088     
   3.9940352119990927     
   1.3686337971962643     
   2.3642417071225359     
   3.1838994723597223     
   6.9340372006270989     
   1.3109727185689311     
   6.6663569973788492     
   2.8776439644726004     
   4.6891019708604977     
   4.1779791068448420     
   4.2729259141692895     
   2.2608372292009240     
   2.5291271429235005     
   1.5946542586664731     
   2.8693884400045691     
   1.8006408904976023     
   1.3754535002205699     
   1.3364577724271138     
   2.1149924051460229     
   1.4638865516135846     
   1.7439740729486566     
   2.4025697536701593     
   2.1928097638691586     
   6.7559228175693971     
   2.3644494356851289     
   2.5452648060514949     
   5.0340242511323821     
   2.6737237929736808     
   4.0398219281781245     
   5.8457168738309013     
   1.3333056784559651     
   1.3033372668617398     
   6.0172830555884680     
  0.97659955216327987     
   2.9327992683881372     
   2.9813597573096371     
   1.1364085698084083     
   3.8487046039151771     
   3.4330850117196321     
   3.3469913914775589     
  0.79648632339052039     
   5.3457197942084456     
   5.3276418252599838     
   1.1977636030815597     
   1.2114580270058504     
   2.8108328436353012     
   2.0625772833838787     
   2.7853136946508896     
   2.8577271664693633     
   2.9993867414493751     
   2.5434193331623454     
   2.5902719697938985     
   2.4299454003685415     
   4.0253782171172743     
   2.3813399283423435     
   2.8861754321413482     
   1.7730737986742180     
   2.1393258602985474     
   2.2131894767995091     
   1.1859893101688961     
   2.8992295717154448     
   1.6056067841471868     
   3.0446880969438004     
   2.8245491239750526     
   2.0347229006380649     
   1.3804230869440650     
   4.7854947230607525     
   2.7031375565535138     
   2.7497295754681645     
   1.4768134532144579     
   2.5162570836085658     
   1.4482803360946768     
   2.6154918716114883     
   1.4980105013450178     
  0.90106116680145065     
   5.0606242090774618     
   2.2276079379947977     
   2.5600321543963509     
   1.8792824617191144     
   1.0609828755149935     
   1.1057738850552454     
   2.7201781070755193     
   1.4558657653448546     
   2.1241691753729790     
   2.0541076486339245     
   3.2700914034926059     
   1.6608712732202899     
   1.6047070129946532     
   1.5052847962035862     
   1.5607260734226547     
   2.4380731768281794     
   4.9222983296024818     
   2.0433142628933374     
   2.4383333884772318     
   1.7707716980792585     
   2.0299697796799392     
   1.2592273412729671     
   7.8551698202183893     
   3.6113440689968601     
   3.6666540740562765     
   7.1386472607040110     
   4.1020805941179255     
   2.2292511069025598     
   3.2633886084081167     
   1.8096946629057824     
   2.5495149654608613     
   2.4570276307261789     
   2.4150419955456659     
   1.4589531455404596     
   2.2544705103785669     
   2.0168005211546634     
   2.0527935608636017     
   1.4658101853560286     
  0.91215760808494606     
   5.3049815612882760     
   5.3212241864955825     
   4.2678412110007633     
   2.5103989432102223     
   1.9970989317034427     
   2.2035166395787780     
   1.4980280148230602     
   1.5923066283536522     
   2.8730141480022930     
   3.7173044622583622     
   3.7444101163466379     
   6.0490517868145561     
   2.8827166992537818     
   2.3017014749676266     
   1.9721645993384576     
   2.2105496921156234     
   1.8186917517914547     
   2.6543230958680457     
   3.5718445300148574     
   2.4670657690684221     
   2.3498009295948541     
   2.1170804668370535     
   1.7708763262921776     
   1.1258309780249067     
   1.7617839419317829     
   2.4385628145646585     
   2.4750989064981139     
   3.0071957212279701     
   1.5817264137552749     
   8.0278448241524529     
   1.9114001156318738     
   1.8686884858144059     
   4.5971998596551451     
   4.3554394185356990     
   4.3569421763246750     
   2.1854703305290402     
   3.0676136181877642     
   3.5757207464521179     
   3.5353854204871706     
   2.5387477583826521     
   2.4649044861415841     
   1.2167913722404411     
   1.6886893828557774     
   1.6030129903477377     
   4.4682767214635772     
   10.442600095454274     
   2.6805344048824167     
   2.6849211681282514     
   2.3151098884387631     
   2.8440511490555984     
   6.2922180171759345     
   2.4818862653691451     
   2.6015703948318851     
   1.4748548204450254     
   2.6346079014907380     
  0.89549103714028166     
   2.5606281522012653     
   2.5829386184430425     
  0.94603785929879713     
   5.0736837001368214     
   1.4120623682658282     
   1.3959560465036114     
   1.8728132861616389     
   1.8704357604324056     
   3.0858247659186433     
   3.4232850260536738     
   5.4349247226128856     
   5.4127709352100126     
   1.6395163058340123     
   1.9277959701787166     
   2.3735262051368240     
   4.3504148247738508     
   5.5716344203970625     
   5.5887447721787362     
   2.6161393762146088     
   2.5813847108461512     
   2.7136890359265906     
   2.4318493475233742     
   3.1221969757935208     
   6.5015348431518314     
   1.5156999212296864     
   1.2382999531015149     
   1.9026253149286905     
   4.1618083748480661     
   4.1350038800982398     
  0.94885052478138010     
   2.1430795666756550     
   2.4406331157174366     
   1.5515345929255737     
   1.8155964200254098     
   2.1327091560556251     
   3.9263875443158920     
   1.9311761987795908     
   6.4509288652529770     
   1.7673229344693595     
   3.8299096136062394     
   1.9746750837456162     
   5.2971145219664075     
   2.7733745410331978     
   1.9332444161476667     
   3.5861390644211464     
   3.4182363728130789     
   2.2882443709255011     
   2.7988833123734587     
   2.8463180089390008     
   2.3230238066061766     
   2.2644208780015855     
   1.3638579223654355     
   1.3313810647321103     
   6.2624045536018702     
   6.2398791967549645     
   2.4578778922266218     
   1.8642377386428750     
   6.8387761286032003     
   6.8429162225075304     
   2.2712069343936352     
   4.7870643243502471     
   2.8554819737058850     
   2.1892400032783743     
   1.3258910144131055     
   4.5515835756398833     
   3.2218304682612029     
   5.1909223436853473     
   2.9357262175020447     
   2.5445983360958020     
   2.6626547568392915     
   7.0406122545387211     
   4.6086251819056887     
   4.1236362256673624     
   2.9177065076587501     
   1.9341547806914325     
   1.4342461249329588     
   2.3312191617460281     
   2.6934664576302239     
   4.2107113672278258     
   1.0307167739584129     
   4.4511152302951462     
   2.6184880344905581     
   2.6834441251056402     
   2.1573140011830172     
   1.4488072746922844     
   4.7018526640206302     
   4.7554044686326638     
   3.0641424496647192     
  0.88118195571320013     
   2.0403959013002746     
   1.8184165659503460     
   1.6143949631242611     
   3.1898635643497997     
   3.1686432069543131     
   1.3044598659199880     
   2.2690210833007134     
   1.7794413668542628     
   2.0926827505367434     
   1.7276352394819472     
   2.7865869852968181     
   2.0646235645344344     
   2.2548572621059746     
   1.1804780838674476     
   1.3909655647689090     
   1.3571855521390801     
   2.4759982896393375     
   2.4592587297892576     
   7.9358139533570418     
   7.8432015952254446     
   2.5543402936712489     
   3.4330239996123457     
   2.1197322328235120     
   1.7011465700429744     
   2.8268739946028978     
   2.8254956571484944     
   4.6581034751087964     
   1.6877398495539138     
   2.4441436656953988     
  0.96453172410356069     
   4.3748084423568416     
   2.4636758403864882     
  0.93347781382545691     
   1.9168499239823831     
   2.1921604987358023     
  0.92993927075007443     
   3.3994605877932838     
   4.7431239109916223     
   6.1554120188101891     
   3.0745916268196916     
   3.6518523001298933     
   1.6689570329679588     
   1.7398642051175945     
   8.8133518277374119     
   8.8125200124563854     
   1.6600194637316692     
   1.7472342566668464     
   2.3084515505727969     
   2.7729747874421578     
   2.7495795119272750     
   1.6587510656626414     
   1.6620502586299555     
   2.5660062154674739     
   2.0141432529374037     
   4.2995932227386282     
   3.0267774260561415     
   1.5747406667099269     
  0.86361554508252325     
   2.5308297155596713     
   1.2421698159910619     
   2.3617366215469922     
   3.0725977640610789     
   3.0901751121061438     
   1.3817160847965824     
   2.1489886434035621     
   3.4850404484792810     
   2.1577611879117162     
   1.2398650119487300     
   1.1994886511379583     
   1.3480526430318776     
   2.0440538044233976     
   1.9746942725161123     
   2.2454213163501686     
   3.3269039273121113     
   3.6014169649397241     
   2.4817084239580161     
  0.93010549996358616     
   2.8313378715086674     
   1.6256576595127643     
   1.6554028850064817     
   1.3337568900049634     
   4.5164988272506470     
   3.0330198269371631     
   1.0989602118579180     
   4.4037413203137845     
   2.7195899302871784     
   2.8402369821461746     
   1.0965753767976594     
   5.7771584679914021     
   5.7146540326054671     
   1.4269945579535772     
   3.9398896374888364     
   2.0038388751024563     
   2.6580386610511759     
   1.5253784500805074     
   1.6149041987374266     
   1.6518995409408244     
   2.1517153138885265     
   1.3053516931071998     
   2.8275959808265565     
   4.3457148389981244     
   1.8997803986749853     
   1.9016269172351876     
   2.7967409542002986     
   1.2437870194063219     
   2.5377398821319805     
   1.4277200102820748     
   2.6896799357703292     
   1.3377179418543854     
   3.5190407423626922     
   2.0103044310964915     
   1.8743328199981928     
   1.4783877944977994     
   1.2465983532844240     
   1.2161087554197509     
   1.8947243560363543     
   2.3275396141627316     
   5.3906695594921388     
   2.5998805170646797     
   3.3636910734172836     
   2.5241349500678534     
   2.3712074070616476     
   2.3599583173096801     
   3.8389646163319653     
   1.5321633716682808     
   6.6118741910660201     
   1.9195949942762935     
   1.9859696598872341     
   1.2098831897960300     
   1.6055103304887777     
   1.6723103272640323     
   2.2967249684081432     
   2.5674557131597138     
   1.0881707780604626     
   1.8663631718824103     
   2.5565119323039749     
   4.0160141193212882     
   6.3545421559299138     
   3.7023066117672290     
   4.3013785025101265     
   7.0246256128802225     
   2.4098814652713152     
  0.89519374572572996     
   2.8656325043229769     
   4.2449916245817931     
   3.1432321584948242     
   2.8588349934582737     
   2.1759883255409633     
   2.2591975336201267     
   1.6922455104326675     
  0.71851135238345554     
   2.0929928483941342     
   1.3933106213273343     
   1.6550227392292332     
   5.5685893898221206     
   2.2184363414572492     
   4.0200414548305474     
   1.3535726989879933     
   1.6045837320392202     
   3.9687033522619424     
   1.8691939422322263     
   3.5417555769703282     
   1.3157494366004072     
   2.9189392540798789     
   2.9944180009012435     
   2.1277645147520050     
   1.6784020283484229     
   1.0990806482923470     
   2.1035562796727105     
   2.2645414999827249     
   2.0926079195515652     
   2.1316523600260364     
   2.2350089777412570     
   2.9187167637391962     
   1.1498544856662223     
   3.3085006669773369     
   1.0129717777438418     
   1.1417888993877106     
   2.1226358922900479     
   3.8180149438372779     
   1.1947270968512858     
   3.8840323476753413     
   4.9821501834319486     
   4.9848999946390586     
   3.2402854319190229     
   1.3826780152605536     
   3.1869830766436644     
   1.4001188072219075     
   6.6932159791475154     
   6.7713858257153836     
   1.6477590598804255     
   2.2013459937979545     
   2.2991679447167157     
   4.9596598379018531     
   2.5121831294808170     
   1.8269638599123703     
   1.8490732560977294     
   2.5761661266466009     
   3.2638147218342231     
   2.2158667093318876     
   3.7929227807180572     
   1.0147072133383916     
   3.1299971030734781     
   5.2356436350894313     
   1.8913109819118887     
   2.9794695269013234     
   2.9560493459415262     
   6.0088430335774587     
  0.67716096453585350     
   3.0108423161133233     
   3.9305373509002268     
   1.8447120444866469     
   2.7176020817095345     
   1.7877158179527060     
   1.7553177851952027     
   1.5172707250264710     
   1.3684324553637592     
   2.3216430334790115     
   2.5954894423940909     
   2.3404016102733918     
   1.4193975725800312     
   3.1003738298795520     
   3.0037624832293539     
   1.9752967195022835     
   2.7819634642950657     
   1.8676140670639132     
   1.0815995341512445     
   1.5238593807037502     
   1.8922615329382919     
   2.5643834300626245     
   1.7939380046552933     
   1.8970906833454140     
   2.4222704623558013     
   1.4453482013628161     
  0.61083229657866667     
   1.0412347489493468     
   2.0367104875676758     
   2.1592523287649628     
   1.7363040437515913     
   2.1267479422151330     
   2.1528743019414112     
   3.4240823091706210     
   3.4026863209421796     
   3.4721988120033349     
   2.5593530226739731     
   3.0066698849846802     
   4.6279806935553109     
   3.0699740201209798     
  0.84404414939101535     
   2.0581386849347614     
   1.1998375999098085     
   3.2585227374212447     
   1.8108159378106552     
   2.9970988607336317     
   3.1968339938895043     
   2.0859439617037472     
   2.0102560298712486     
   3.2142370138753349     
   1.8188715458199121     
   2.4702254237741132     
   1.4927758919434060     
   2.6114564515515659     
   2.9564620046055730     
   2.5190458409180509     
   2.4874026126675650     
   3.4532830835036701     
   1.6759190207284185     
   1.8963628092769294     
   2.6033814322111430     
   1.5408952655656536     
   1.5080120562958825     
   2.0022718866315659     
   1.8969590327941266     
   2.2248179010476203     
   2.8334770058372052     
   1.6184535898727703     
   5.7316257207377710     
   3.2305336436658671     
   1.2533166108115301     
   1.5334177733064871     
   2.7219077593952914     
   1.7169445751279724     
   1.7067120580037245     
   2.3114217610470549     
   1.3701587457345210     
   2.1047448256450658     
   3.5429783707173601     
   2.0051460804208991     
   2.0992676894952349     
   2.0460844520808510     
   1.8191866693052277     
   1.8555580068983264     
   1.3181243672915040     
   3.6924232289062084     
   2.7250926036709577     
   2.9216724674593335     
   4.5259261486740989     
   3.7310699892718486     
   4.6520609385161080     
   2.8084756067032211     
   1.3404404104245089     
   1.8805023502391891     
   1.6525350066530962     
   1.5402735351605459     
   1.9547332447996235     
   1.9478137123215709     
   2.5734826446196641     
   2.3300207685863108     
   3.1540090053065786     
   1.3798445635714029     
   1.7435836482228997     
   1.6678402373777044     
   1.7245304431878612     
   5.5034351067452691     
   5.5175926772376087     
   2.2746006838062538     
   2.2811024636684842     
   1.1794131449382654     
   3.2507109373520104     
   1.6974143018167540     
   1.6699538477997480     
   1.7220334999957541     
   1.8379167346942553     
   2.8489940672938565     
   4.2325886209681221     
   4.2765042439703738     
   2.4582983654717112     
   2.3687791176436730     
   2.3481526776536170     
   2.8429226238836898     
   2.1079929684815619     
   1.8136258901298516     
   1.0318492660829772     
   2.0726884707117179     
   4.8266240884285914     
   2.4223076884637122     
   3.0755665062934057     
   2.7937969637265527     
   2.2332047696562891     
   2.9046658449278602     
   4.5599596008577912     
   2.4408072037051838     
   2.0599757397121206     
   1.2434623459395195     
   3.2487320615164146     
   1.7745926296379400     
   1.1132636944921941     
   2.3477598184428361     
   1.4192503218740171     
   2.4966622553682023     
   1.7092639589932914     
   1.5967972932559398     
   1.5617500824475203     
   1.5869969574969636     
   1.5801462392724006     
   1.0641221599396662     
   1.6406015375511755     
   1.6243030841614585     
   5.3848596781522167     
   2.2063200183152407     
   1.5926866147711862     
   2.6369569973409108     
   1.0982667194008908     
   1.1337778585097871     
   1.7376315557565172     
   2.0713621465496983     
  0.86975100041328135     
   1.9291900507787880     
   3.1061909056050530     
   1.6173167012502310     
   2.4211020081828916     
  0.85829235269267512     
   2.4740221662646573     
   1.0491446489891596     
   2.3331333518559449     
   2.0514747457033948     
   3.4874158616603448     
   3.5502149416451996     
   2.4517747057664159     
   3.5899735442556304     
   1.5866901990799236     
   2.6548245054621722     
   1.4816290701494814     
   1.5053157069258765     
   1.9684220148307994     
   1.2949874160863819     
   2.7505341172139661     
   2.3361562499968302     
   1.7446064316248668     
   3.5691779606200384     
   1.8378712380266606     
   1.8635803784153975     
   3.3407069448596847     
   4.7599081947755124     
   1.8218322548413528     
   2.0706415096604944     
   2.0113117463232020     
   2.0104699432281992     
   1.9108884140931259     
   2.6233233335975834     
   1.9462859971177826     
   1.9590905030713182     
   2.8893006699544164     
   2.9140830933107100     
   2.2143325393139022     
   1.0297384548064572     
   3.0219193064998890     
   2.6239169676208545     
   2.9286624537589154     
   1.7536699884221452     
   3.6346601832770795     
   4.2826012224922421     
   4.1449281280918928     
   4.3996351510680922     
   2.0819974361142748     
   3.5913461522984238     
   4.8524024232667244     
   2.7900994507601520     
   2.8286241275510502     
   2.4369237004727835     
   1.9334385205023639     
   2.2957362093419591     
   2.1701689550025818     
   2.3529074146855753     
   3.2328986110860893     
   1.6302979819687649     
   1.3476953913814957     
   2.1075632028388913     
   2.1372270714431365     
   1.9254438642045986     
   13.334602659134532     
   1.3597953243369050     
   2.0245649089797046     
   1.8273618768663868     
   3.0588137475349342     
   2.3835936046077144     
   2.6475248958633175     
   4.0027417535380030     
   2.1140473187917928     
  0.74980524728523579     
   3.3143495842693804     
   3.3618175729678157     
   2.5700890352962888     
   1.2097287113553667     
   2.1853502774485860     
   1.9594904438353096     
   2.3531185611773457     
   4.1155064133001398     
   1.7729182032790018     
   1.9467263700340196     
   5.4268760546547563     
  0.78953973325479188     
   4.4362156796346222     
   2.4386433826826521     
   2.2310607385512702     
   2.4588714638193894     
   1.7386377763271244     
   2.6911060713469448     
   1.3006000669805207     
   1.4240380662785115     
  0.82326120041887030     
   4.2253401421883776     
   2.6877381286222510     
   2.4524523227498687     
   3.5586829300722216     
   8.1767344284840107     
   2.1785610222490464     
   3.0738785659908130     
   1.8893646339335477     
   5.5994439636090743     
   5.5104394482283299     
   5.5810090021449090     
   2.5959258171055626     
   2.3034321496462598     
   2.2425854273336130     
   1.3833139821209983     
   3.3959118247505509     
   2.8174811779439191     
   2.3891426094754533     
   2.6291988860442910     
   2.5847648813711968     
   3.2338821653611456     
   5.5126170931835512     
   1.6736539184860992     
   2.6586493759184378     
   2.1637369797083879     
   1.2202728954956250     
   3.2611529884479737     
   3.8363525200319564     
   1.3325381671413312     
   2.8601931720486902     
   2.8835985490725915     
   1.7096693304939430     
   4.1378822354971581     
   4.1924643522150999     
   1.7061715444945260     
   1.2604314899116231     
   1.4649768309099265     
   2.8998277368852889     
   1.8409944513232492     
   1.5603954481982680     
   1.5612643216975999     
   2.1085231288368624     
   4.5471976566154062     
   1.4393057333573667     
   1.4701610306796007     
   6.5596565715999509     
   6.5234722914208687     
   1.9920137872526373     
   2.0056599421365799     
   3.7010124580707071     
   2.3306866645389981     
   2.1848642770246367     
   1.2203768358163616     
   1.7762549177517664     
   3.5764603822842838     
   2.5638595824544659     
   2.5205942764401028     
   2.4768310560120397     
   2.7394952326666733     
   1.7979412100314265     
   1.2432013476760260     
   2.0468783724451165     
   2.0569419289202462     
   1.3567611511286373     
   1.2474673977524742     
   1.4875808531936610     
   4.6615233005705763     
   1.7110116230981987     
   2.9092413720498373     
   2.9323458120251198     
   4.0558612462819363     
   2.2139045399942079     
   2.3276747686208892     
   1.3867850004200233     
   1.3608121635384598     
   1.8656800384242487     
   1.7990823642749394     
   2.2565497649924091     
   2.5525396342534874     
   2.1156239093895985     
   2.4969468706818954     
   1.6911386820596013     
   4.9965478702091364     
   1.6702561286799285     
   1.6017074152855664     
   1.6788786832435922     
   2.5003184136674661     
   2.1281886615211620     
   1.4064532059532622     
   1.5139358472559894     
   1.5924879509651688     
   1.5643133020000646     
   1.9832609691450640     
   1.5049918029984615     
   2.8060627473746518     
   1.0389535243044017     
   2.3337426065316675     
   2.8758617539897680     
   2.9229815000780595     
   3.4546621886417830     
   5.3464070538746009     
   5.3761243808695252     
   3.6223244222690667     
   1.4756809019409245     
   2.0795382235951019     
   1.3278850285208508     
   5.6001463786546797     
   9.6558959661235164     
   1.1198290677699463     
