   1.9459530681853832     
   1.7719721127092607     
   1.8885629752068132     
   1.9433498473405468     
   5.3234033628899295     
   3.0236093884736639     
   2.8749321201733178     
   1.5796200753375926     
   1.2775678598310241     
  0.87197900079365742     
   3.2427360478886067     
   2.0734697446891133     
   2.6271966659072259     
   6.9844759557183353     
  0.88734204413488893     
  0.93273503647174139     
  0.94773051247545093     
   3.0776932844610960     
   2.9367327321080516     
  0.98462648757415805     
   1.0780336215282482     
   2.1050682054646623     
   1.8636153628472338     
   1.9264258050192680     
   2.8082568639211551     
   1.8465828970669151     
   1.8499327386873519     
   4.7615196530572526     
   2.4270364960111857     
   2.7486275949224939     
   5.3913884446854832     
   1.7169445273165200     
   4.3090236758188096     
  0.98337370187082829     
   2.1281429426055234     
   4.0614553271283826     
   1.5127920822857852     
   3.7969161720680242     
   2.4476050192657106     
   2.0556704896370004     
   2.9151085359882685     
   5.9069213122961397     
   1.2224636657572985     
   4.2771699816834738     
   1.7247887032355587     
   3.7596712388063609     
   2.1358889715076157     
   2.3442726334666166     
   2.2173342275194514     
   1.8058763973497212     
   2.7517953202796646     
   2.6871810503865832     
   2.5649446406531009     
   2.5311743474032595     
   1.6785859850589711     
   1.9367859609880951     
   1.8277249288324524     
   2.1762156105291663     
   3.8051004858493416     
   3.8884952194384210     
   2.1696875115639456     
   3.5926476242424048     
   2.1569625097480212     
   1.2782599434237736     
   1.5461447665978225     
   2.1108456840418035     
   1.8565698380202100     
   2.9572423572941626     
   2.6350083628604768     
   1.1953899922012106     
   1.7697481596206617     
   2.7857798570822614     
   1.7076787263542588     
   3.3592750194148624     
   3.5882798183784570     
   1.0034564098049878     
   2.2605060906577989     
   3.4435303174714913     
   2.5017220857285882     
   2.0820349413982604     
   2.5128212643469783     
   2.7178849181998244     
   1.4650075016963848     
   1.4927464799267078     
   1.4885984787656508     
   3.4744629363126140     
   2.2736701332626215     
   2.1653382711795390     
   2.2680002811427897     
   4.1723982207593799     
   2.8002629755014627     
   2.8690945480675154     
   1.3677233082336799     
   1.9808156221138504     
   4.6401820891847789     
   4.6409387434128710     
   2.9266212945084011     
   2.1592413994004276     
   2.9062962548600058     
   1.8861911321247631     
   3.4448423853616199     
   3.3684194419129692     
  0.96725040459315703     
   2.3145458556150653     
   2.3359462323049440     
   2.2857990773667249     
   1.9308991174973675     
   1.7595588835926985     
   1.3692298990583380     
   1.7063082761234964     
   2.5462220583757751     
   2.1562485133586637     
   1.5077559839618340     
   2.6999894002882279     
   4.7718932233936044     
   4.9093507882342484     
   2.1049392940887679     
   1.6242406901108928     
  0.80643343694257386     
   4.2447891975620262     
   2.5434709687084802     
   1.3243820494273038     
  0.55014533447298708     
   4.4094455079260451     
   3.1594708646733478     
   3.1418101185696736     
   2.4392153017756408     
   3.2311709582827879     
   3.2431911178396042     
   2.9539996970958500     
   2.2243435757118788     
   1.7498310249124309     
   2.1243278834241588     
   1.2416689585209211     
   3.5462420543086104     
   3.2360804230861810     
   2.0012379446922197     
   3.9538114068687205     
   1.5137253816927021     
   1.4429905736821234     
  0.97174512356892295     
   2.5734376301057806     
   2.5223465624848203     
   4.9392673250422048     
   2.6413905711834476     
   1.8690683907437315     
   3.4202894584341017     
   1.7989065061534320     
   1.4036960569828658     
   4.3196675984043553     
   1.1109885044189645     
   2.8315050305500269     
   2.7813342228273639     
  0.87749361040527285     
   1.2961258963786828     
   4.1650275865313420     
   4.1194314837909882     
   1.3844220892319608     
   1.3048530147068802     
   2.5796525131427752     
   2.5704702261789825     
   2.4323399049930639     
  0.86618067460182058     
  0.84950449777238612     
   1.8988923066637773     
   1.9772636658709910     
   2.6942561698544010     
   2.3250616199224394     
   1.3169396262429123     
   3.3298143054541991     
   6.2524531590319627     
   2.4104782420160409     
   2.4761674288879241     
   1.8992726526653985     
   1.2399272684035130     
   2.5092393087821150     
   1.7000027457168738     
   1.9567216019707745     
   3.0343701529529130     
   1.9024759018953796     
   4.4690979033301117     
   3.6593016861461134     
   1.1461410594070687     
   7.0174128195732708     
   1.6298161375725906     
   10.636413174443808     
   2.2076474507602821     
   2.1557072054952595     
   1.2318405549684746     
   2.9716438790154127     
   2.3603108047934014     
   1.6878400560994105     
   1.8166794957462411     
   1.5679293660504920     
   1.5287223048627663     
   1.2108989171637055     
   1.8434559712574832     
   1.2433090059487715     
   3.1938834422985463     
   2.0914081294656923     
   4.2714246100862701     
   1.8307003854584076     
   1.5716128665112126     
   2.4836645185936135     
   1.4764779453627792     
   1.2090911413107921     
   2.2838782805837687     
   1.2162477180742446     
   2.5582056956115200     
  0.97028948547910687     
   1.4817891630362163     
   4.4394047764938369     
   1.9736589448212825     
   1.2130185810701122     
   1.3881323867701270     
   3.4384558827585265     
   1.6218383535560363     
   1.6160996688335296     
   3.3400131998829825     
   2.2518905137058614     
   2.1917103664148052     
   2.1851932427689054     
   1.6003693551993081     
   1.8072261835019947     
   3.4155370650473182     
   2.8913862930427201     
   3.8589547404882318     
   5.0751791174936294     
   1.9088351085469955     
   2.9386668573335437     
   1.3641766398747175     
   1.3012326259132678     
   2.2092562414477923     
   3.9399069881596192     
   3.2349095014251095     
   3.1311244643008833     
   1.5197401311074756     
  0.93654849389480221     
   3.5500186124328588     
   2.6259369480829311     
   2.3363039354561503     
   3.8042090994288782     
   2.3057497957208923     
   2.4263610233276323     
   2.4428920694495031     
   3.0378039437482034     
   1.1843456694412025     
   2.2761762812151347     
   4.8313471482100461     
   1.1584036757873397     
   2.7439481235104228     
   2.3458157020449661     
   2.1756447975921045     
  0.86299323967217623     
   2.0476711295503374     
   1.4728020205348364     
   3.2411249274623426     
   2.2366643288009800     
   1.3824694158059510     
   1.6737558341725323     
   1.7177628748471019     
   7.2963692483981557     
   2.2775766494483340     
   2.7079558569282578     
   1.4828496026697198     
   3.7939499837343358     
   1.1799179882348219     
   2.7360711509576929     
   1.2024184556939568     
   3.5822066252047184     
   1.7920921996285171     
   2.6945299141445260     
   2.6958764702081868     
   1.0924747642492916     
   5.8163987653128641     
   2.0615987943761245     
   1.6947821323752259     
   2.9536736660610106     
   2.9561229713966477     
   2.9405858321146701     
   1.8347021909143437     
   1.8166004550137926     
   1.8155898515853603     
   1.9242574398162835     
   3.8864509944109940     
   1.7032450413860070     
   2.2005534233376292     
   2.9654756784917917     
   2.3487571199938975     
   2.4119783584401837     
   2.3893659670780609     
   2.3626390229678189     
   2.6422440423788935     
   3.4058134273751741     
   1.6909156684565878     
   4.2317942049808979     
   1.7919661241264324     
   1.7629661776079466     
   1.5342704459644316     
   2.5273628334436249     
   1.8220706957597694     
   1.4593157442007365     
   2.1995620914766456     
   2.1817303257127802     
   2.3775355479837459     
   4.7385216279582885     
   2.6981220573980833     
   1.9797660453739774     
   2.2955359352134588     
   2.1722533696604942     
   5.6253528778256161     
   1.5556429772729432     
   1.8087576643091494     
   4.2440802789983882     
   2.4048112933165706     
   1.1458425777735930     
   3.6541939125637892     
   1.7866407011108560     
   4.8848582282299926     
   2.8478585727186529     
   2.9297826793836430     
  0.96790434968919303     
   3.7736947366589799     
   3.8660586828652743     
   1.8024144815155585     
   5.7091950648499266     
   1.4069650630658850     
   2.3414010108108116     
   4.4307877542947711     
   4.3861924174599025     
   4.4427942044543727     
   4.4339680705723925     
   2.1156308706673506     
   2.2936234467227781     
   1.4336340964499763     
   2.5124440625767068     
   2.4523074110473946     
   3.7748074627167494     
   1.8366420089127558     
   3.2836440034118470     
   2.8593200820219371     
   3.8699232386566340     
   4.0663629049315988     
   1.4286963790400666     
   1.4543079673429335     
   1.4930552015424527     
   5.5005956008364247     
   1.3931104031152779     
   4.8087580309010960     
   3.1553346532548954     
   3.1301188547867480     
   1.2721941013922893     
   1.7547660116301358     
  0.96536406429373589     
   1.4079258892216020     
   1.3431214990181974     
   4.7589204126789371     
   1.1959955985464015     
   2.8752536702953515     
   2.9119236432184969     
   2.2651641650772927     
   2.2319381755586205     
   2.3398432219519725     
   2.1286501123771178     
   4.4721002537170236     
   1.6113848379777989     
   1.7178991435619799     
   2.6848960282340486     
   3.4831787822107456     
   2.1984847628460948     
   2.1497599586028917     
   1.6712454231823735     
   2.8451608753166955     
   2.4955046052154377     
   3.2124629718139039     
   2.8488063484966837     
   1.4741356185927703     
   1.6797997363819939     
  0.91776295634889971     
   2.3582780977062519     
   6.8692045360880991     
   1.3835856048196420     
   1.6745336206307697     
   2.0407036596684689     
   1.5951191410341230     
   1.4110306079354624     
   2.2960204143338427     
   3.3465796608520941     
   3.3069642230241731     
   3.0294825944675474     
   2.4132601910825429     
   1.8368904108039894     
   1.8855159105867605     
   1.2412897246518109     
   3.4048048873520642     
   1.7636187944318407     
   4.1911431257842615     
   1.7024543325791670     
   1.6771709193702107     
   4.2571990113190985     
   2.6185318259152122     
   1.7829066968439637     
   4.1380196523425923     
   4.9588829157401584     
   1.6588394001718740     
   1.3313426064758398     
   3.8509434654407029     
   1.5065866848778879     
   2.0292693002739299     
   2.4022811628563150     
   2.3698446822734431     
   2.5807335561660092     
   2.3965019918921411     
   2.0428742561258426     
   2.6078791257266096     
   5.8071407965919191     
   4.0653069734774139     
   4.5105348922891411     
   2.7738439732868776     
   2.8027207017646587     
   2.7683761049237776     
   2.7116929921187740     
   2.6696005069676390     
   2.8335881546650468     
   3.1796538289128864     
   3.5261803516924335     
   1.3701315281115767     
   2.2203717386798840     
   2.2347468250385258     
   1.4653349196966086     
   3.4702620471045154     
   1.8885308188887728     
   2.7452241709210585     
   1.7005106847140650     
   1.7818036422409018     
   1.7919414009608496     
   1.5923824156160769     
   1.5135757585566567     
   1.6077401860824392     
   3.6037810416293046     
   1.8805762068773326     
   3.1089078569787687     
   1.0989835069722682     
   2.0793039536123628     
   2.4457820617130746     
   2.3971129724281854     
   7.1178457503625907     
   1.7504727072791519     
   1.2237135869185611     
   2.1893140835387497     
   1.1825531375236491     
   2.1343207518700540     
   1.2609754397624238     
   2.7508228542852029     
   1.7296374463302489     
   1.7888897118634695     
   1.7424543191449475     
   1.7870870584235012     
   1.6151682339617297     
   1.4358902367645952     
   1.9815739373526582     
   2.1701502323356499     
   3.1627226578229721     
   3.2085714692623810     
   2.6062991722236424     
   2.2763497761062057     
   3.3233722725001549     
   2.8269104960022542     
   1.2213343756959163     
   1.9424024027840758     
   2.4940917986749480     
   3.4740850147432445     
   2.4378790301353486     
   1.7645150237498943     
   1.4205679167939667     
   4.9010686575345606     
   4.8909369099842186     
  0.61170835522536371     
   1.4361269395143994     
   1.8624507718522647     
   4.0820012508640877     
   1.7235654744651110     
   1.5104026521481786     
   5.1101240772715268     
   1.0697781005395903     
   2.6848903857191915     
   2.7637505181924014     
   3.4891182585113429     
   1.6428356934982287     
   3.2110263618195116     
   3.7752664354890846     
   3.0724885681878913     
   3.0332305519839706     
   2.4370732219490523     
   2.6308050518119228     
  0.99074770144798352     
   2.7035510290617508     
   5.4390514092851516     
   2.4343286184671729     
   2.4161146919460510     
  0.93791612921012635     
   5.0254677240263312     
   5.7424584452981469     
   3.4039191197405851     
   1.7054000863086709     
   1.6885036319584197     
   1.5476747594318454     
   2.4516781183647800     
   1.0478455036085872     
   2.3945226511856932     
   2.4203859811775112     
   2.2527574156490369     
   3.5910870150970160     
   1.6467531224726852     
   1.6400324992900310     
   1.8348858343777672     
   2.5875763572282997     
   2.5803815786864197     
   1.8572121651608156     
   1.8950022927567436     
   1.0838114423194765     
   3.2072360102365658     
   2.5777094652471484     
   1.1499414868169000     
   12.170166206547373     
   1.7165016678671638     
   2.4423694817562964     
   2.0996817308743321     
  0.97475745224388155     
   4.7828519342878533     
   1.7172922765907976     
  0.91116276942316854     
   1.7597353208032402     
   2.2765293775280062     
   2.2732454705789955     
   2.2829408532428253     
   1.7181994797556301     
  0.96843278447152237     
   2.2766343737807224     
   1.8508557993369139     
   1.8137323189033934     
   2.0712922109431338     
   1.8307279048111129     
   1.8394029028952572     
   1.8665142382375666     
   2.9941614458836918     
   3.0508036429491323     
   3.1764690900492507     
   1.5819200143560834     
   2.5457067354020162     
   2.0494730486745243     
   1.3463513591008547     
   1.8502950894176158     
   1.8547201585742534     
   2.2271824755856420     
   1.8437719370515866     
   1.7343849102069504     
   1.5588227572821323     
   2.5224162403662316     
   2.0934674080850018     
   2.5074286501579404     
   2.0738228462800148     
   2.1834106699420834     
   1.2426028716627742     
   1.3574179562162580     
   2.0374453958893044     
   2.0071182523380786     
   2.2734476714279443     
   4.1887714037702173     
   1.1857003721875334     
   5.4862718839783930     
   7.7562083913741509     
   1.9603649098180516     
   3.1030509283034715     
   1.9185462028260940     
   1.8713611681538356     
   2.9252485708333786     
   1.7866593403544559     
   3.5081251780425853     
   2.5414479216453980     
   8.0322158164621520     
   1.2405215000439165     
   2.4748234259273447     
   2.4835286387198057     
   4.1304173257047800     
   1.4954374277320295     
   2.3956502087500571     
   2.8387440758235032     
   2.9454371596191224     
   2.1078223143093293     
   5.9437338908301562     
   2.0170000960098569     
   1.7957194170011896     
   3.8877172634854178     
   3.8890411614173268     
   1.7490118977786320     
   3.8897024899060657     
   2.1077361301159874     
   1.9862632953596573     
   1.0103404792321140     
   3.4531157276194571     
   7.5101778869722153     
   1.6603939170571780     
   1.3010886509479567     
   1.6303681434526647     
   3.8521259104301149     
   2.0976589430994466     
   1.1119487908776267     
   3.6434049006746942     
   1.2533200912303273     
   2.6326339904761027     
   2.7049865526517189     
   2.1376621028550140     
   2.6152001158023119     
   1.1923918494597119     
   1.6107928074000959     
   1.5439748100967370     
   2.3509405216512511     
   3.1240136092643751     
   1.5499059524993746     
   2.1656585333069343     
   2.5051629058944029     
   4.6397674775002899     
   3.6091524740512946     
   2.5433769965254687     
   1.4081931153046552     
   1.4196831024344079     
   1.4634180173597418     
   3.6077518772278485     
   1.4832786014015458     
   1.9511999370801496     
   1.8668210464476154     
   3.3202263371198111     
   2.5351351543795162     
   1.6092356103849659     
   2.3039470996890170     
   2.3787418876707420     
   2.7918566953105293     
   1.9733991273243650     
   1.4999614511508954     
   3.0305052296455282     
   1.5107696727456985     
   2.1574379983576959     
   1.8027269381489446     
   1.8007539883215335     
   1.0726137757733789     
   1.3063913974047934     
   2.7665072441477361     
   2.7651684301414909     
   7.2280797243599499     
   2.2658335534565368     
   2.3470981700430853     
   1.2547353946752744     
   2.4510681249566471     
   1.0751251611833923     
   3.6228552249324517     
   1.1761569818874540     
   3.9604511468779422     
   2.7045108811666623     
   2.1520620438970881     
   2.1895267864540839     
   4.5904014971748301     
   1.9787990775095201     
   1.9634382998706619     
   2.8191660307337187     
   2.8898948005295710     
   2.2455797210066377     
   1.7560247258169277     
   2.2974433918240944     
   2.0337447684561401     
   1.9805173109722010     
   1.3558109251823700     
   2.3556298517173042     
  0.80851605406801219     
   1.7129758396372283     
   1.8666087425282405     
   3.5111737403601930     
   1.4129613414616051     
   2.8479643334642866     
  0.87031915961783290     
   1.3788028926671148     
   1.8448796546704354     
   1.7867918802909117     
   2.9734274412789179     
   1.1804487554281828     
   1.9736354594097683     
   2.0917723792882210     
   4.4986718467567854     
   1.7313703252600035     
   1.8538024163370781     
   1.7827224955001026     
   1.7209806173275997     
   1.7445424063862933     
   1.0245291673416130     
   1.2890973904648610     
   2.2598419289968685     
   2.0105395310368586     
   1.9358881404507045     
   1.2913474711624477     
   2.7444277179168708     
   4.4240774766237303     
   4.5196686574228062     
   11.836578066833628     
   2.1094732564630165     
   1.7355277349213074     
   1.1981153026394693     
   3.1331413006017774     
   1.2896961085155028     
   2.1690455007168539     
   1.5895002207949704     
   1.8952912465826106     
   1.5431450795427348     
   1.4593200784262965     
   4.8685168780632644     
   2.7499318691073329     
   2.0130399904352356     
   3.5770759657862863     
   1.3515312161592690     
   2.9217368273952506     
   3.1867490071290860     
   1.8399802362814659     
   3.2231753025270509     
   2.5211731006662133     
   1.1202597268413952     
   2.6806822768258067     
   1.3873260512125847     
   2.5444014802779398     
   1.4189651135099721     
   3.3208466038566971     
   1.0888994198963309     
   3.5953869515812396     
   2.9681932077225146     
   2.9829576030584644     
   2.6591436082683937     
   2.7217080363921196     
  0.99253723098655522     
   4.3695766930827009     
   1.9405095359501816     
   4.0269074494972203     
   3.9771416058142770     
   1.7330582194758886     
  0.99538322217094422     
   2.9781861265797844     
   1.2955688736126991     
   2.1806087103840173     
   1.8597302696393103     
   2.7541604594593991     
   1.2333212989847895     
   2.4565311005115316     
   2.4409946511293508     
   1.7417107082206931     
   2.2611344199965000     
   2.6814163853008077     
   1.6247740881597406     
   1.6694285939072173     
   4.0200532839624525     
   2.2771277459611854     
   1.2592427170463754     
   1.5386677606823571     
   1.4872157836391677     
   2.4972133887307288     
   2.0122827202271711     
   1.2244042354741089     
   2.3958285327288058     
   1.2717570869666217     
   9.5535867385164330     
   2.7201763792343869     
   1.1491635655208732     
   2.6161962079581262     
   2.6603102480555885     
   1.6486258046056119     
   2.2663301886773972     
   1.6502964583518831     
   2.8814096358124957     
   2.6479226222700811     
   4.3157224960371554     
   1.7593623068579813     
   8.9276181193621955     
   3.0171915054498886     
   1.8581942354771501     
   4.1896762797578759     
   2.2786892825480436     
   3.3368967417264535     
   3.2787953576473643     
   1.7966843834733668     
   2.8969175068959823     
  0.98574984060303683     
   2.8814294625220018     
   4.7023115483499156     
   3.2644378998148591     
   2.1549080857856771     
   1.7984968378740924     
   1.7644587446689797     
   2.1801721077242382     
   2.5190499194948379     
   2.1197341507349812     
   2.5078748716601109     
   1.6064704057961925     
   1.3734920575210443     
   2.2369273176686102     
   2.2515205975626649     
   1.4326641166687353     
   1.8335210948475900     
   3.5615325456764388     
   2.4840211517535229     
   2.1619679955444795     
   6.2316676837945293     
   3.8912688012042520     
   3.8852178243225213     
   5.0498796762121430     
   7.1961042080457132     
   7.1342393535280371     
   2.8613512375511756     
   2.8622058431477608     
   1.4242694565459513     
   1.4224689138273086     
   1.6966588091303572     
   1.5982581559112918     
   2.9383057483755626     
   2.9126179196237634     
   2.6543691931165725     
   1.0915567629114211     
   2.6496812406543633     
   1.8237664434393737     
   1.2366683174957145     
   1.2938583296973687     
   1.8132047255321295     
   4.7138364473628309     
   2.3465617535454446     
  0.97293927334764341     
   1.8289905022741215     
   1.2119616526264472     
   4.5071341191587369     
   1.6789838149859411     
   1.8296830484415751     
   2.6902306957072675     
   2.8214157378837079     
   3.7688310838081560     
   1.9260446934910775     
   1.9036682338227171     
   4.4656979266868948     
   4.4964990613800513     
   1.0950750069641644     
   2.9665354769465355     
   1.9333915134511099     
   1.6028087312629897     
   1.4969162703686054     
   1.9557854603524774     
   1.1805455409808026     
   1.2072260573779552     
   2.2389124055784273     
   3.1152942022598658     
   1.8492871068353356     
   2.5000116502530410     
   2.4749014166582550     
   1.1428397660326546     
   1.0618720280312368     
   1.1680123073644486     
   1.0867139247130555     
   1.0950249350166219     
   3.4525244738498051     
   3.4543980836419084     
   1.9185584050006390     
   1.2882288660660768     
   1.2772652872832808     
   2.8308068055498405     
   1.4085513271429146     
   2.6970216420983109     
   2.9499167864127975     
   1.4780844124477608     
   1.0462263455101470     
   2.0030285236601140     
   1.6854611003216549     
   1.7592146129548742     
   2.2186300437671003     
   2.2381008162165310     
   2.2349490440125419     
   2.4171018974562375     
  0.83980581827257639     
  0.86168871743128239     
   2.2226873796797486     
   4.9576926058339623     
   3.4089244697832926     
   3.4041184654838421     
   1.7006775930919751     
   1.5323195555653946     
   1.4449353892210974     
   1.7094795733773820     
   1.7232228001086691     
   1.5994672535474166     
   2.2268160318146255     
   2.7595535691380606     
   1.1665861720073831     
   2.8885180899942178     
   1.7012094161129165     
   2.0227771502195075     
   2.2881851807516851     
   3.6573474553494645     
   2.3821423295503328     
   1.7006021203006061     
   2.0040876959356591     
   2.4632853656730878     
   2.4769778318795197     
   1.6109394470894427     
   2.1927154224874452     
   2.1744309429319402     
   2.6728911675331988     
   2.6747076052940844     
   1.8349918732219670     
   1.8217559646388790     
   2.8536778940141372     
   2.8393105929735913     
   1.6613416250354496     
   2.1270184244695876     
   3.8378698409487590     
   3.8417750445962811     
   3.7969441467118186     
   3.7447586492246825     
   3.7122888064310580     
   2.4784668103905414     
   2.8134233700522797     
   1.4695383852443233     
   1.5276931745747924     
   1.5495322547751180     
   1.9604841217005680     
   2.8554900429117871     
   2.5518086817080432     
   2.2728042888612801     
   2.1986518723361352     
   1.6943841630987906     
   2.2258439334666038     
   1.8824941796566970     
   2.4796790237787372     
   2.2464096652961003     
   2.6239348127641002     
   2.5949530703328416     
   2.3816120020920608     
   3.2666867100264767     
   2.2820765999794825     
   1.3716414425128081     
   3.8492675430221732     
   2.5187891842729679     
   1.5478975755838704     
  0.97763893211732356     
   1.0988606328038535     
   2.7935005064523746     
   2.5911451350098362     
  0.96899034497145520     
   2.6406478010375181     
   2.4818783770275794     
   1.7407739855017010     
  0.94790166465233827     
   5.4605152834510342     
   5.4019775349137635     
   1.4173124369541510     
   1.2230144226871766     
   5.5590223514611070     
   2.7484300637542178     
   2.8061466227593685     
   2.6554304381521550     
   1.8463274947726416     
   2.4203416921635923     
   1.8073104381314498     
   2.1060947501121108     
   2.7787282170858507     
   1.0080814752330176     
   1.0051156876404528     
   2.8088063470079763     
   2.8113144186983661     
   1.8223583248531527     
   1.7517478109765687     
   2.7696583041462741     
   2.7102239895631914     
   4.5328542512439185     
   4.5257346735939512     
   1.1113394025535370     
  0.84795738363627715     
   1.3149826578315049     
   2.4177628893094965     
   3.2783506292795410     
   2.4124971974037295     
   4.4037413203137845     
   1.4797274613261526     
   1.8701962771135487     
   3.9122731307992327     
   2.3513961412907518     
   1.3785823934319470     
   5.2994011119432392     
   1.7620781245715824     
   1.6529224229990824     
   1.1456674646836880     
   4.7755072096979188     
   4.8148469703602581     
   2.4201687602457960     
   2.4567475500686240     
   1.4363646217667529     
   3.7513228250871449     
   2.5161021916130584     
   2.1807661371796039     
   1.9605159551933271     
   1.0005391902638765     
   3.0221736908907473     
   2.4531919043185635     
   1.1656288935592229     
   2.1929145190283568     
   1.7937587913156139     
   1.2055547627937835     
   1.2092463674617555     
   1.9801056853280601     
   2.7847515768218600     
   2.7329454124118815     
   1.6929840463011721     
   3.0525519450509471     
   5.8241255227992328     
   1.8109860030748821     
   1.6172379770200025     
   3.6116677630220053     
   1.3911026447055248     
   1.4734273066316192     
   3.0458224344738096     
   6.5625549470827460     
   5.7645961173513216     
   3.4432524279238899     
   3.3864892292284887     
   3.3933763919839062     
   6.8961691492024171     
   2.4429317274146571     
   2.0020371125426037     
   2.0825956192702577     
   2.0776678197532532     
   7.1420142939344462     
   7.0846717715058434     
   2.7345069743940620     
   1.3767239192832690     
   2.7570370962558357     
  0.86012488466479786     
   2.8180335922069437     
   6.2966885590623249     
   2.0883009033664885     
   1.5498622506797382     
   1.5736908190660976     
   1.6001124090546877     
   1.8909912024828441     
   6.3097511537512423     
   2.1510461736019209     
   2.8471489372490817     
   1.3844791959131222     
   9.4841454329991350     
   1.7138401868546767     
  0.68562218786730755     
   4.3110470993631091     
   4.3090214079727289     
   4.2652348753213296     
   2.0119987593263646     
   1.6022084101732343     
   3.1803318947856396     
   3.2415688202070685     
   1.8963633914921800     
   2.0627286086424279     
   2.0825531925656890     
   2.2606688874303607     
   2.4102275775862405     
   1.6554297639644080     
   1.6853115484055430     
   2.2095890640510256     
   1.4292454231314675     
   2.2681779645177573     
   2.2013054026511374     
   2.3177597738273557     
   2.7685579263693629     
   2.4000233134179667     
   2.6607480616416899     
   1.2470332608052397     
   2.2906458768380724     
   2.3682138122934888     
   8.8024642855466499     
   1.7122244648666580     
   2.1905386392592145     
   2.6392239754103550     
   2.3828984376505016     
  0.98250090484933339     
   6.2143941725467986     
   2.4356877500903136     
   1.1493074178481062     
   1.0804518648499339     
   1.5426468673118743     
   1.5561814366230990     
   4.1057940262275681     
   2.2993218151040109     
   2.0535923655837949     
   4.5795630655674691     
   1.2029491156317866     
   1.7866565559801311     
   2.8705108621325146     
   2.4865503231014743     
   1.8611811396987035     
  0.98601359042088299     
   2.0738000161894243     
   1.9730613434287414     
   2.5395597825934435     
   2.2993394343940388     
   1.7032197732571139     
   2.6360456131747765     
   1.3568389289894218     
   1.9124082868363099     
   2.1371932668821376     
   2.0607233592658178     
   2.0287439145274799     
   2.5620585553104647     
   2.4877592751054056     
   2.1042538405856805     
   3.5020501786881488     
   1.6748182552409527     
   2.2824010962475585     
   1.6256503675539944     
   1.7118218877412701     
  0.97190805519672296     
   2.7945944706666466     
   5.9812680521744035     
   6.0067554043282350     
   1.9891314435903913     
   1.1057402123784117     
   3.3631755889719082     
   2.6709142510962232     
   2.6152433822411063     
   3.0729955647402161     
   2.9183598906074453     
   2.9582761455462268     
   2.9527860919622171     
   1.9468680778928451     
   2.2787075285515264     
   1.3677904245776471     
   2.1754355267832248     
   1.5434385625112945     
   2.1526311004102143     
   2.2499017242266377     
   2.8114430170927021     
   1.5790626256346685     
   3.0244072033934315     
   3.1267897665217439     
   2.4168813985896338     
   2.5238893187448261     
   2.5563936671252052     
   2.6864610121229999     
   1.7058946579495520     
   1.6058900330094208     
   2.2396114462768590     
   4.1736884020133038     
   2.3218275090489224     
   2.4219726751261201     
   1.5920506093815237     
   2.6653072654833845     
   2.7121833500661667     
   2.9920850223264104     
   1.7496264908082373     
   1.3695794351341875     
   7.3539466290353435     
   7.2964175105863101     
   2.4422179620472426     
   4.3947743506720407     
   1.6040906757482309     
   1.4537704271059353     
   2.5392470995920307     
   2.5267096735304007     
   1.2266827011934518     
   2.0723763981457632     
   2.1067998524732348     
   2.1258289293749413     
   2.1427625537200168     
   2.9621098110153494     
   2.9404291011394603     
  0.95107014957652558     
   3.1224970894759241     
   2.5470818091557277     
   3.1388186547071970     
   3.1509765913068501     
   1.3964047044163432     
   3.3271426681825136     
   2.3434796007056398     
   1.2667153932333002     
   2.4424721512107470     
   2.4215698624330964     
   2.4353929296525099     
   2.7245792885250961     
   2.4911219097217816     
   3.9384695387091293     
   3.9969805852340090     
   2.2111030991424823     
   2.3163808486801716     
   2.8331078364709885     
   4.0978592177953326     
   6.4524086112397505     
   6.4788689106763631     
   2.5329851034771065     
   3.0495193350289971     
   3.5649587676669259     
   4.0787674793338367     
   4.0453826018516681     
   3.9965952443021324     
   2.7098660920663526     
  0.85305847709489380     
   2.4707984632025974     
   2.1783959511383464     
   2.4362775501483389     
   1.8679019388958273     
   1.9393060342461874     
   2.4302414132601045     
   1.1485091540046859     
   2.1985881573825545     
   1.9720008795014878     
   3.2772901427045076     
   3.2256680012323860     
   3.1224565438573881     
   1.7474440123400108     
   3.4236012808801779     
   7.1330774221989568     
   2.4860705434006909     
   3.2027557117898811     
   1.4949927008002681     
   3.2037639191600009     
   3.2018733845448186     
   6.1637563054932336     
   2.4521291221361192     
   1.1305147882764883     
   3.0069410538436512     
   3.1009949822496656     
   2.6374524083303226     
   2.3458587423883630     
   4.3879575876110160     
   4.3244855675966569     
   1.3493171064294944     
  0.89765399698202630     
   2.1031801577506313     
   3.0462473433231492     
   1.1026780706335355     
   3.1379399507802406     
   1.7025489239906570     
   1.8748081698340346     
   1.6352734447531372     
   3.0340256666177159     
   2.3471188693677312     
   2.3213752112758907     
   2.7173974836709371     
   2.5567815403949825     
   1.3934235294898725     
   2.6570945719805632     
   1.1205183316524456     
   2.6519559966402024     
   3.8751923898449943     
   4.4499108385884316     
   2.1281269090833792     
   1.2484392429180733     
   2.5056422420113322     
   2.6761776320079598     
   2.6106629687137111     
   2.6363354559738710     
   2.0471367581636200     
   2.0102685278711028     
   2.9844557473553697     
   1.6158176419251062     
   7.6059073919967579     
   7.6018876417814827     
   1.4759172654631263     
   1.4908611042844111     
  0.96350086612706620     
   1.2065508773529332     
   2.1298997122320698     
   2.7962603634987899     
   2.8572639409520448     
   2.1963360644350010     
   2.1416219905965534     
   5.9401450940266169     
   1.7238615159295636     
   2.5661426038024278     
   3.7660874022879862     
   1.2308722250616162     
   1.3467642077880360     
   1.0508104442217934     
   2.5984471721848901     
   1.4265867778069090     
   2.6472273138032980     
   2.6161343442862433     
   2.7198555614960402     
   2.4600255736242991     
   2.4598325397040184     
   2.9590275016135701     
   5.5794398930292362     
   2.4471695671526423     
   2.3491767081518260     
   1.5422654020308473     
   1.2273561438700133     
   1.2012555024779141     
   4.7027634106804737     
   4.6725099736720557     
   2.2227949709347956     
   4.7296046527899671     
   5.8838619917102051     
   1.2242802356400224     
   4.9986057719961927     
   3.6304002804410418     
   1.5734745129119381     
   1.3698109551133117     
   1.9029089905460514     
   2.4262304714114085     
   2.8687865613261274     
   2.5876390453621307     
   2.6048523709436600     
   2.6605127858529949     
   1.8270267071005202     
   10.547381892213362     
   10.560302096489471     
   1.6982612387022280     
   3.3600678358117237     
   1.6616241017264519     
   1.6168136158031994     
   1.9213323064736663     
   2.0000603768681029     
   8.2982608212531801     
   1.2326884011316417     
   1.8413825226455145     
   1.7859544394094651     
   1.8831613679132511     
   3.6063565587822133     
   1.8912863547234064     
   2.7926059718225571     
  0.88360120195290903     
   2.9769946684566211     
   2.7794988847483446     
   3.6848128012924994     
   6.1862819236219986     
   2.0324170724186641     
   2.6922560161191558     
   3.2883103925918000     
   1.8932190630282995     
   3.5063755927878351     
   3.5245969593608342     
   1.6741571710392780     
   1.8254588398731175     
   2.2751141017999164     
   1.3114950204404918     
   2.1696959006200776     
   2.2277192536255286     
   2.5443237285427016     
   4.4223377645045776     
   2.2988337711942561     
   1.6287667074764363     
   1.6116562606462881     
   1.6525768689073981     
   1.8679166303920554     
   2.5306319700845652     
   2.6581082579926067     
   1.3917468749401678     
   6.6392433594939213     
   5.5729386187813219     
   2.1866292054456378     
   2.2278048839828961     
   6.1133311507827033     
   2.2174055111441549     
   2.2825188404559289     
   1.8575438519209393     
   1.8172720354358067     
   1.8325811663286036     
   1.7841756291452404     
   2.1653402041051035     
   1.1152691159162935     
   2.3866158993248305     
   2.3954235105302799     
   5.6740254334729014     
   3.1568098335973014     
   2.9411793914431636     
   2.8424815203290605     
   3.7441451256381288     
   6.5721792477965026     
   2.0631005014338144     
   3.8633499376813503     
   3.9401572969360923     
   1.3175391335997160     
   2.0162998175791627     
   1.4929896372806419     
   3.7150760628152693     
   3.0299381269293475     
   1.2451535192763834     
   3.4896533069123379     
   1.8769499449270879     
   1.9407096004818589     
   1.8104799414824988     
   4.2220527438828679     
   1.3833167678119236     
   1.8778335606249796     
   2.1637376236475592     
   1.4394607688648149     
   1.0948254615392123     
   7.1203374262065724     
   2.7181531058418731     
   1.9633282814414503     
   1.7934304070094758     
   1.8198466537918283     
  0.67342549409898234     
   1.8696259337253809     
   1.1956868168456851     
   3.5716768551575946     
   3.4019094462684056     
   2.7678889848373589     
   1.3864507475097183     
   5.0198502528802207     
   2.0522486420998005     
   1.7953440248368975     
   1.8631763209123655     
   4.0369227932178351     
   5.7725942543075979     
   2.7613467904238882     
   4.1487915785713341     
   2.8758958688487919     
   1.4199100913175591     
   1.6879388810739453     
   1.6640432106503171     
   3.8724300657813022     
   1.0301270195198988     
   3.1638297766508465     
   3.4650366892819218     
   2.2938338207603786     
   2.5839696268885399     
   2.1504321511774176     
   1.8943282067107927     
   1.4220194147967484     
   1.6337728889101901     
   1.2223895867612178     
   3.5596314647520537     
   2.1658241218666330     
   7.3394343722351909     
   2.4002830721347470     
   1.9879310716236247     
  0.88952412571012229     
   1.8911364502410655     
   2.1183616861870012     
   3.8237737192962906     
   1.7557240030296544     
   4.0670770896137309     
   3.5395163048673668     
   1.2892547574375870     
   3.0938689351383908     
   5.7709492984367126     
   2.3785401814297762     
   3.4680347380049281     
   3.1038582104920942     
   1.8432059363421422     
   2.0956397484698668     
   1.6233194987057920     
   5.4346742036066926     
   2.7651358704239808     
   1.8159486692230533     
   1.8204530612388892     
   2.5208698538395327     
   2.5818102032741352     
   1.3929100348509322     
   1.1476819832384382     
   1.7920804789319273     
   3.8496983184272797     
   3.6239280834297216     
   1.0851997720723545     
   2.1279692533391854     
   4.5302514908633125     
   3.4074038900675170     
   3.4610703969273411     
   3.3365787330338423     
   2.3940035213159314     
   2.3786753184232512     
   2.3488957230886189     
   2.0420877802861939     
   1.9778672048770127     
   1.3978140279729565     
   2.5167242542209607     
   2.2580890356626941     
   2.1961933483189604     
   5.3521687228095907     
   2.5311378146515540     
   1.4035756851035073     
   2.2610261047134248     
   8.4456202241588887     
   1.0351576820205641     
   1.8272979310146413     
   2.4859959272847032     
   1.3596392538994946     
   1.3456690333080417     
   1.3151644493478516     
   3.8255718063572579     
   1.0023077341598152     
   1.3703806431931620     
   5.9644079738384708     
   3.1226224001868563     
   1.8597268271263778     
   1.7484627211271071     
   1.7730704707835869     
   2.2009285008301496     
   2.0589459892025608     
   3.0319362726774046     
   5.4723360286393126     
  0.85286287503614167     
   1.7647958872076059     
   3.1681262251630051     
   1.3263081333543769     
   2.1012921556436424     
   2.4287223009639654     
   2.2684440200169269     
   2.2157720233929297     
   2.2167565046006352     
   2.2262639876358534     
   2.1757010638427756     
   4.4527489315587827     
   3.9713518282306239     
   4.0274598046121719     
   1.3931034102985702     
   3.1349000275716503     
   2.9304925752476918     
   2.8670084823738673     
   3.4419985939136035     
   1.5784031488138208     
   1.7296716766343747     
   1.5754997924894707     
   4.0921549092941030     
   1.3871855681628344     
  0.84630177512762228     
   2.4697282081916878     
   1.5575544571280471     
   3.3996587041304940     
   3.0104005427086817     
  0.97181570055810595     
   2.4592309646272317     
   4.4247301728350825     
   4.3256717286284987     
   3.2536867507727241     
   1.9975533255010016     
   1.7516134295251640     
   7.0008471554686000     
   1.9858177300623008     
   3.8113359855831712     
   2.2074597415852146     
   2.1447796557588221     
   2.1359156115493727     
   4.6064616051615372     
   1.8321540071058222     
   1.7948341709865929     
   2.5926859691581230     
   2.5919964055537128     
   5.1047462726493604     
   2.5053456226291972     
   4.4702811462435514     
   2.5755630324514436     
   5.7709535686701425     
   1.8807799626098745     
   1.5667456805600004     
   1.5145905956657510     
   2.7530633547861521     
   2.9637789632520222     
   2.9644058263269586     
   1.4383876815980601     
   1.2525188837182202     
   2.3136365713198472     
   1.7051034675983721     
   2.4307587846156382     
   1.4435389348836314     
   2.5205051641727865     
   2.9951218289596864     
   2.9745283418509807     
   1.3806586225045470     
   5.7248315190022003     
   1.2726199835413101     
   1.2920583000022543     
   1.8355622494926891     
   2.3433069024511237     
   2.2917030248048724     
   2.0679166486470058     
   1.5334634282119768     
   2.1504295876938295     
   1.4778858799493428     
   2.7822508658428466     
   1.7472890346004315     
   1.7367377795661150     
   2.1635798629882230     
   2.3323221170589896     
   1.8557212570603088     
   2.3883376439899222     
   2.3823568264922006     
   2.3731132297840118     
   1.7869322246339856     
   3.4279807810219785     
   3.2956289496298634     
   3.2618044382194666     
   3.2475470288027708     
   1.8529520813103921     
   1.8428273489150597     
   1.3391059765159969     
  0.66222079601160422     
   2.6737877016705389     
   1.6464891704089324     
   3.2326430441429768     
   1.5694624589474788     
   6.6664488936435529     
   1.2989227088378368     
   1.2804461236814735     
   1.2031589615861553     
   1.4823781704632280     
   1.7923774207654857     
   1.7587292424140681     
   2.0321151791112495     
   1.6597561782405723     
   1.6577216178084402     
   2.7228504001453335     
   2.7248815246319809     
   6.5636723236920052     
   1.1219549002640967     
   4.0962498574925572     
   1.2666101021312475     
   2.6916412803024223     
   2.7355454260703267     
   2.1483558636423630     
   1.7795701467463154     
   3.6030043036713457     
   3.2700006726623640     
   1.3189903960253915     
   1.0264165644196230     
   1.0661703273953644     
   1.3049215833104193     
   1.7707254378406105     
   2.2442358780314846     
   2.3021130623269848     
   3.2837933458898081     
   1.4577545579280002     
   3.6019250994828389     
   3.1454311094258096     
   3.3833649292465964     
   3.3697956135662546     
   1.4212205979865689     
  0.89868993917811535     
   5.1669644642935033     
   5.0592680278121094     
   2.2887414811729978     
   2.4233736066914080     
   2.3894460054954139     
  0.94400316832589504     
   2.1794873387602021     
   2.2027307571661705     
   4.6558634823189298     
   2.2373218461787379     
   2.4484821297970512     
   4.0214201076401253     
   2.8861247781676074     
   1.2119330100036783     
   2.7313803248351860     
   3.7390587350317315     
   3.3063687556468411     
   1.9482706163383265     
   2.4207424256208601     
   4.5367506451450605     
   1.0952112093692561     
   2.0133269227842989     
   2.0764057703891803     
   1.6286393710539413     
  0.91567894385511817     
   5.2349062344426018     
   2.6360447233237738     
   2.1547716701372241     
   5.3942665640384613     
   2.6119507017974608     
   1.6310067533206811     
   3.4531109070581349     
   2.7728220173665505     
   2.5310224039359213     
   6.1720348543292074     
   2.5837544705839051     
   2.8278715650791768     
   2.7181916683002640     
   1.7302067575626723     
   1.4217650166867939     
   3.3133949663482931     
   1.3228317138228589     
   1.2586314565111605     
   7.3466921700446637     
   1.3789191739035520     
   3.4382210293712534     
   3.4722046163605054     
   2.4728442593078515     
   3.1316654477571544     
   1.5620872471403946     
   1.2013643509392067     
   2.0826632321113703     
   2.9700202917781944     
   2.2637265769279531     
   2.1587521934925515     
   3.0251536891698265     
   3.0561714384486538     
   1.6239919672053997     
   2.7826567251125378     
   8.7683313115348938     
   8.6917158575457751     
   1.1843172472157861     
   1.1218988192275297     
   1.0482760720205890     
   3.7195031894952799     
   2.9732458086276097     
   2.5941981031256778     
   8.6796287929018430     
   2.4393703817969556     
   1.7594133368917837     
   1.7916970760584927     
   1.5932013898006587     
   1.0655764818668645     
   1.3517542801337801     
   1.5252808950628525     
   1.6573869166180004     
   2.6611105247970062     
   2.5130529726858462     
   3.6519676211218690     
   3.4059238379163039     
   3.3335540047123029     
   3.4536275200062607     
   2.7049115244918638     
   3.1465791685267868     
   2.0345147046489025     
   1.9847010065600437     
   2.4610098607961701     
   3.0617352783199743     
   3.1710672619140867     
   1.6813085292970746     
   1.3424143524238126     
   1.2301670375431848     
   1.2847942547418134     
   2.6212895150730686     
   2.5339079809367622     
   2.6220210220143678     
   1.3558910861490698     
   2.8559747751970832     
   1.0150827795496205     
   1.2848321331289512     
   1.3662456090681423     
   2.8629651769550537     
  0.88222592218398133     
   1.5453038503000711     
   1.5000611008722426     
   1.6529213709568868     
   5.6683886086505728     
   5.7214050650746371     
   2.5468588549048152     
   4.1323432007942884     
   4.1820111729814258     
   2.0194323816210775     
   2.4523067007126258     
   2.0816842872645487     
   2.2267985732074842     
   1.7886671538965757     
   1.9097084126336297     
   1.5154200642813960     
   2.2428478820159361     
   1.8782611706074528     
   3.1513141565654723     
   1.8588489814487985     
   1.8058870865398271     
   2.5911209437875713     
   1.8206370805645724     
   3.4263041369612766     
   2.5037406323249556     
   1.5257952915230537     
   1.7360854933284626     
   5.3665032387143405     
   4.1398201296309018     
   2.2313131612472183     
   4.0291507776302717     
   2.2621721616801613     
   2.0192504766142290     
   3.3979033738021069     
   1.6523593588100711     
   6.6658204969629047     
   2.6049493005811226     
   1.3932217149372026     
   1.3244097087922826     
   1.3706307104596207     
   1.8601950526902584     
   1.8310982240716083     
   4.1868844419655025     
   1.8766820020189026     
   4.7198177232090135     
   1.8967971792320064     
   4.3891357580537802     
   4.3820243002884967     
   3.2295157793745557     
   2.1827609733851943     
   2.5190494672993755     
   3.7887153087592074     
   1.3600968799301405     
  0.90577383062847994     
   1.4782697148749879     
   1.8336237823818906     
   1.7739832092260066     
   2.0592321357133954     
   1.8326152154327293     
   1.2861419538149768     
   2.5008270606751677     
   2.1971554839532228     
   1.9655107912874683     
   1.9447792846485121     
   1.8030609758707175     
   1.2370794562933571     
   3.8821532164967585     
   2.3917020759203549     
   1.9336869151167488     
   2.6859138333871635     
   2.4349813119159589     
   2.2629188523629717     
   2.7393932903866212     
   1.3603795071244102     
   2.8186592777029480     
   1.9916867090724619     
   1.5202722615122988     
   2.4943221800482642     
   9.7162057799453621     
   2.4674503192838384     
   1.8082957617926252     
   2.4804102503835903     
   2.2474003433483296     
   2.2514262384879693     
   5.3767221724762191     
   1.5550553058373917     
   2.6894683288132977     
   2.5189600301836084     
   2.0309872795595996     
   2.4913767047878652     
   2.0743913411919532     
   2.1325907795142252     
   3.7824374339826266     
   1.3285485727709858     
   1.2510300102019809     
   1.0938768486124038     
   2.0955363548884116     
   1.7319743665929119     
   2.5842403825880522     
   2.4613728201885192     
   1.6486355571605855     
   1.6382663174525769     
   4.4943296928485434     
   2.2947019440665382     
   1.0684310854121981     
   1.7306303935526044     
   3.4782798395081276     
   3.5103805955412608     
   9.0920734585506864     
   4.9928226398591171     
   2.5724532355721177     
   2.5108064548909690     
   2.4722745387785441     
   3.3450305686609294     
   1.4983886714283456     
   3.3353417369661291     
   3.0849680141582634     
   2.2716656991193509     
   1.1565821842403414     
   1.7580455616754345     
   1.8576080149674294     
   2.0086351443910408     
   2.3785692267208853     
   2.4711803217752588     
   2.5120322340676937     
   1.5535432922481851     
   1.7220778449869245     
   1.3296969346674592     
   1.2882758058019024     
   3.5192231206088334     
   1.8681242512063603     
   1.1719878439758069     
   1.9614331632469157     
   1.7283443402113541     
   1.9631986293658263     
   2.0647732475111322     
   1.4105398550933266     
   1.3993721187072130     
   2.7098035552891737     
   4.6488567054269510     
   4.6853634238643833     
   1.7624578366560539     
   3.6065494309977209     
   2.6942574369955348     
   1.8002345000461497     
   3.6945572464761067     
   1.4602400989591835     
   2.0935900918023367     
   2.5661780655260116     
   2.9161374717905830     
   1.3066261157549901     
   2.7137975732408788     
   12.041091162016167     
   2.4753429238990852     
   3.4462109870135800     
   6.4070191135037708     
   6.3422385550974623     
   1.5867988346123996     
   1.5405302904606903     
   1.3804101054578841     
   1.2069265061947421     
   1.2452994701016240     
   1.2191772588801513     
   1.5177766272492226     
   1.6810992411938546     
   2.4688748217902114     
  0.99460123499084274     
   2.8781002956681090     
   2.8557398771583173     
   2.4151313141893147     
   2.1630898958896494     
   1.5584440064408784     
   2.2647390824289770     
   1.4024088350056012     
   2.5196809528009148     
   2.4133146056530923     
   4.6385445339333327     
   3.8764735867911715     
   1.1714106267631244     
   6.1922790544632660     
   6.1213883936400135     
   2.9356212117988765     
   4.2904083410196368     
   4.3787446180536369     
   2.1873883828292970     
   2.3160003239771583     
   1.9512197009294974     
   1.8519331879924399     
   1.8509523299416628     
   2.5908022757260869     
   8.3480409531681925     
   8.3221958539223060     
   2.0980668141751115     
   2.7361700631265640     
   2.5810187983830399     
   2.7505513453820987     
   1.7157686193175865     
   2.6526805623427094     
   2.0432592408323114     
   3.3047291218519206     
  0.93284207080820170     
  0.96184187592092341     
   1.9592787476715725     
   1.8918185817392910     
   1.8434017638418063     
   1.9081639082270101     
   2.4761740733856477     
   2.1059105594698377     
   2.0940363231429151     
   1.2298983596719699     
   3.4448988699900247     
   3.2229362248161846     
   4.3737589762237148     
   1.7782823709653510     
   1.1075847599400956     
   1.1114419313829151     
   2.8223010230415837     
   3.4186242878131243     
   1.2425565771965277     
   1.9511440186961901     
   1.4147241599842868     
   2.6943661336833467     
   2.7842268008653330     
   2.9145106462266619     
   2.5264279602682485     
   1.7246503461109173     
   1.7561702242367319     
   1.8593945928073190     
   1.8237880982314658     
   1.7561786753933197     
