   1.5842268897685867     
   1.6119788096038334     
   2.5252872765511305     
   1.5157216784141481     
   1.4717401691350955     
   2.7614559240678163     
  0.98479164728583757     
   1.5958898837021560     
   2.2823742452741600     
   1.6970177249174043     
   1.6285181937820803     
   3.2334571211364258     
   2.7622608246573801     
   9.9427618175776367     
  0.97866383314815630     
   1.5924383949736431     
   2.3655096963294637     
   1.8529389521512787     
   2.2150072368183507     
   1.2414985752227454     
   1.3959842901603792     
   1.0751114633821919     
   1.9804010677241541     
   2.1148342354715859     
   3.1006867988306195     
   2.8726247094196551     
   1.4004696756666555     
   1.6648293495851436     
   1.6637101402735881     
   1.7714039930242833     
   1.5298123257596432     
   4.4076574868951219     
   1.1667920786480508     
   2.4076123902202635     
   2.4966368871097666     
   2.4420423784257057     
   1.8373503611038606     
   4.2540857713268236     
   1.9109345356137517     
   2.6833337922534120     
   2.0496262120836861     
   3.0939025514919978     
   1.7702032776970700     
   1.7035019099462645     
   1.2670925790070815     
   1.6305839247322118     
   1.9469071207138560     
   7.7527189059468133     
   1.8724261674057290     
   1.8797715477683095     
   3.3864783713217808     
  0.67319909623406171     
   2.6072547754337756     
   3.1474725631485314     
   6.3704433306441643     
   1.2896371729927882     
   1.7460080109408491     
   1.7306146752411891     
   3.5727964668040766     
   3.5173985674719619     
   2.2536607331917846     
   1.4412461742257405     
   3.8426413496908207     
   1.4711238005409155     
   2.6975800432363068     
   3.9246319707612729     
   5.9936005620793127     
   1.8551490694705859     
   3.0117301744334606     
   3.1155826428598510     
   2.2320494322305455     
   2.3931392949822410     
   1.2432450613670547     
   3.5767677722581324     
   5.6270771090536504     
   4.3699624862668136     
   2.8723351432170672     
   4.2185912290111043     
   2.2094559225875927     
   2.2552156847647167     
   2.2600067694908028     
   2.2053545285838498     
   3.0235103923801407     
   2.0324620487976985     
   2.0413790060140782     
   6.2299692202834649     
   2.9972833525364861     
   2.9769572576755214     
   1.8381415339671308     
   1.8061509191766201     
   1.9485142280474317     
   1.9702659638972237     
   2.7352623370316018     
   4.4131421726140463     
  0.62019652866570074     
   2.1611591940096115     
   3.5998340142570626     
   1.6518671582903772     
   1.6885299864914727     
   3.3045703013202963     
   3.3385537753921679     
   1.3849396125267301     
   1.8391983799069118     
   2.4048140910287024     
   2.2998239726399436     
   1.3779838809326928     
   1.9879280547920590     
   1.4704062228865471     
   4.2969342546597247     
   4.2536612843877082     
   2.5938106418350890     
   1.2056097025354042     
   3.1919609748179614     
   1.0721831588346153     
   1.9329526095926961     
   5.8340839052004778     
   1.2718235624913015     
   2.6865126729641515     
   3.3991753705823800     
   5.5422302307553197     
   3.0263364997409403     
   1.4401616726839315     
   3.2532278871587565     
   2.5465738899183030     
   1.6031627235917774     
   2.7250863699745445     
   4.4212342685931114     
   7.1427251698467398     
   7.0197468138427457     
  0.89824527714636893     
   4.6229424001640353     
   4.3784744826710416     
   2.9012060430441058     
   2.7594667131767059     
   2.2487841496000711     
   2.4369272344901702     
   1.8708364844844416     
   1.6049188835654378     
   1.6488782757455784     
   3.1683593305425601     
   3.7376281082841203     
   3.8754273372517720     
   3.9523088758491420     
   1.3060008302398620     
   1.3527040771426477     
   4.2920754866804653     
   2.2355089172224680     
   1.6126306264664567     
   2.2541239310180807     
   2.3065139533976993     
   3.1649971034879947     
   3.2737851858184079     
   2.6091569524058240     
   2.0054752805082758     
   1.8202284122672430     
   1.8306042903567865     
   1.6649520263601858     
   2.0640019413598631     
   1.6694358962730627     
   1.6824916199546738     
   1.0577614989510644     
   1.5263385745976237     
   1.6905082025919158     
   2.1280130990641859     
   2.0944997463841362     
   5.5077220682677801     
   1.3081440835563731     
   1.4369596603996440     
   3.0503639895746049     
   1.5811307307904734     
   2.9918236981637003     
   1.0617911357129151     
   1.0308006171885093     
   1.8847656481246595     
   1.2729352713522142     
   1.1387776883814189     
   3.1266637837823432     
   3.1147359679944935     
   2.1844542591552472     
   2.3848370399424064     
   2.5281188689691900     
   2.4604542913080034     
   1.7629319907664460     
   2.4271627097389041     
   2.0989519151592586     
   1.7578639740108393     
   1.1218094474200744     
   1.3311624489896505     
   4.2263542217986059     
   1.8170700055308682     
   2.6677568285962585     
   2.6789415073258707     
   2.2172824286572688     
   2.5138277653228225     
   1.5773712812881397     
   1.6126346878130928     
   3.7617584328846365     
   3.6792019365887696     
   2.1967137047397087     
   2.7647849849617572     
   1.2154686505926837     
   2.8004767242843633     
   1.0175196735328220     
   5.2016427567823582     
  0.91781400802554314     
  0.99548051797375858     
   2.1087145089640247     
   2.0962561136799867     
   1.9366392599634634     
   4.6630934287762233     
   1.6764327339508485     
   1.8727214460398935     
   4.0453102781748402     
   1.4849734972356627     
   1.0875913626801688     
   2.4131105609822598     
   2.4454179572609092     
   2.7868544015081094     
   2.1360834348942053     
   2.6388343604558617     
   2.6425549098977235     
   1.5490320819175003     
   2.9562232358345826     
   3.0404251655396672     
   3.4629529976160804     
   1.3066283529408205     
   2.6415756155943555     
   2.6411617842255244     
   2.0024199203563526     
   2.1793477404280761     
   9.0339820256598529     
   2.3492968726556711     
   2.7681255961900377     
   2.0695525981968776     
   2.3017383205443056     
   2.8511796508492546     
   2.3282423637576954     
   3.7207089171432193     
   1.3937730242327411     
   2.6997269928488916     
   1.5673516834002252     
   1.8801477371328574     
   1.8282418628543549     
   1.4328046022132030     
   1.8609337202101797     
   2.5058871249649948     
   6.7972985626434346     
   6.8376113926775144     
   4.5345655215728105     
   3.7547117198969993     
   2.3843424248152227     
   2.3633017611638518     
   1.4889642267516381     
   2.3308518070566757     
   2.2262355171772912     
  0.89006717545692760     
   3.1770404802495276     
   2.1118389598681264     
   2.0528269385284537     
   3.7053324428709202     
   2.9506397869659193     
   8.9343536014131981     
   4.1173405494787154     
   2.0917198932812502     
   1.6344849987220271     
   2.1824433121347870     
   2.7946790740238412     
   1.8482217202787183     
   1.1740708601800713     
   3.8058739959467887     
   2.4774024467974196     
   1.9925224535955215     
   3.9083877457067171     
   3.4624346208601162     
   1.4410065044917193     
   2.1385081222770910     
   1.4497597871883252     
   2.9983877565388228     
   3.0365100698975143     
   2.9417055392170939     
   2.9565046526936798     
   1.7127890529711127     
   1.6696575222040348     
   1.3909004395473701     
   1.7031781580377026     
   1.6264181539337732     
   5.2555892016703103     
   2.8168542108054302     
   1.2769103632754273     
   2.5283204694367796     
   3.6514313691784444     
   1.0564969784873728     
   2.5543203165518258     
   3.5847601318250844     
   2.6608953033977354     
   1.4638011045083499     
   1.4845899280428805     
   6.6342373756770980     
  0.90910882867698362     
   2.9078772562626032     
   2.4813194330498631     
   3.3279654556763894     
   2.5765294017624361     
   4.6891630928320014     
   1.5723944983709137     
   1.0303252027143321     
   2.1735428617034813     
   2.5921075871033175     
   2.5297084528752203     
   2.5309728670200418     
   1.6879655659153172     
   1.7675936690163387     
   1.4375539152283139     
   4.3077973019923546     
   2.3286906687064231     
   1.0676600443010522     
   1.5715644533159396     
   1.5097709115660984     
   1.7461553891361956     
   1.6870336545330551     
   1.7797830528665699     
   3.4469166943818137     
   1.4788771902733286     
   1.8993794743547012     
   2.3414133240761204     
   2.4401017128062326     
   1.8495104441634183     
   1.8511850981995821     
  0.56376173752164271     
   2.7721659241379299     
   2.4081020902102148     
   1.8270153831638256     
   2.7686387746197747     
   3.2859222239133703     
   3.2958644489179081     
   6.3225853382456210     
   1.6168553528626337     
   3.0314101897533243     
   2.4535514573679924     
   3.9586567827797312     
   3.0631363388908412     
   1.8856327838910854     
   3.4736441471133794     
   3.5622284108848858     
   2.5383345146437422     
   2.6319624202404444     
   2.0700149113715964     
   2.1124484989640804     
   2.0270641731793440     
   2.0524749192414600     
   2.0513155389841633     
   1.8823033225118804     
  0.91667085296748796     
   4.0089417827893081     
   1.8535629957224788     
   1.9605081937533864     
   1.3138103840118702     
   1.9851920170924791     
   3.7307287244553979     
   3.6523351342272639     
   1.8801952551173076     
   1.9687934858312157     
   1.8602060104639109     
  0.87413007312900259     
  0.89019639877954759     
  0.89012085872940594     
  0.68941572890325997     
   2.3519084363857092     
   2.3973463759652152     
   4.5598196382768492     
   4.5845207335588931     
   1.3048090465639743     
   2.2424410910669339     
   2.1201287064147305     
   2.0451584353261110     
   3.1170283328073669     
   2.4165282122078686     
   2.8956842699469023     
   2.1868139763281511     
   1.8330970608402182     
   1.5659970629086211     
   3.0593492233403934     
   3.0702363247188873     
   1.2538017539190351     
   1.2511048214169578     
   2.5738447221310707     
   4.2480290089095609     
   4.3246432079081778     
   7.5284758183130815     
   1.3904335579029317     
   2.3368108687255158     
   2.4435100736358715     
   2.8993242630975398     
   2.8903625946279514     
   3.0970591410431854     
   3.0398471987536206     
   2.1276526976703809     
   4.9763661729678939     
   3.7459192080016974     
   5.6278946959643967     
   2.0322612126486388     
   1.8478207294785878     
   1.5513481159522935     
   1.7164070506298319     
   1.3326888242214607     
   2.1233751377593686     
   2.0314988412654769     
   1.5210122010126463     
   5.5657986178035204     
   2.2079509510877040     
   4.3807441448972426     
   1.8770770052533936     
   1.8777590081682665     
   1.2669361761149287     
   1.0554888434135630     
   1.1079694676445588     
   1.4233781926862494     
   1.4984878560301289     
   1.8911840933327715     
   6.1874793645704971     
   6.1338904885840559     
   2.4355506884023361     
   2.5417835905814070     
  0.85687354233774615     
   5.6835317375104895     
   2.4028870766024517     
   2.7615402395523567     
   1.6521450554731310     
   2.9978227836063613     
   4.4781929023322418     
   5.7237518285924827     
   2.5261249221343243     
   2.1035193263055425     
   2.1134768821671246     
   2.2028505798941813     
   7.0680529036213970     
   3.5350701996505971     
   1.6404195906132411     
   4.9498666589180020     
   2.7042803259784760     
   1.1526045714078541     
   1.3016770974283849     
   1.2134622287004548     
  0.99102405598489574     
   1.6346071305616332     
   1.5337877223539333     
   1.7681041703716645     
   1.9006748863696712     
   2.1082435195591338     
   2.2619868471840223     
   2.3561583778448520     
   2.1987915802259166     
   1.7484709024556908     
   2.4116278414969625     
   3.6089278006715437     
  0.94170366353686308     
   2.0684956383029527     
   1.7281546435470956     
   2.7302422111271536     
   1.7483273154811465     
   1.3544139769405803     
   1.2684291852994707     
   1.2869525551543430     
   1.2415997243567993     
   1.6987999201181538     
   2.2596800751915187     
   1.3970669775516862     
   2.1423161914111803     
   2.6478179468425425     
   1.8105122316329614     
   1.8607322714555674     
   1.8714964561150269     
   2.1418003987328906     
   1.7110713639983950     
   1.6755916193467377     
   1.7292933042328456     
   1.8550070453615755     
   2.0405460829458870     
   1.3629112628427675     
   1.6597832732570046     
   1.3679636791735783     
   2.8896935775564523     
   1.4236862586705827     
   1.3842446137287472     
   3.3709716263667229     
   1.2104707523482965     
   2.3539526747888089     
   2.3989124691936050     
   2.3340714138839678     
   3.1263310774307529     
   1.6183534139129374     
   1.6345335242394206     
   3.4655639971866208     
   4.4616821562070621     
   3.7298642894158021     
   2.0385933374532419     
   1.1338496951315244     
   6.4944731529338213     
   2.1491520786475977     
   2.1698475532778803     
   1.8872252450266807     
   2.5403248419793871     
   1.2692778211440485     
   5.2381684769179824     
   1.9468823810405813     
   1.9903185584749481     
   2.2264667088220587     
   1.9585775135888004     
   2.2265285987762664     
  0.75077148723577869     
   3.5035009791974896     
  0.78896386381582950     
   2.5184036976602706     
   2.5964634613428794     
   2.8142592083083953     
   1.7314407361646755     
   2.5599844056585419     
   4.6842781673031864     
   4.3601837478959222     
   3.8020053241798157     
   2.6877959941980762     
   1.4653368515166978     
   1.9968107906648505     
   2.9651438375220209     
   1.1925360384782817     
   1.2937943795433233     
   2.4358657981005343     
   2.2839786757044562     
   4.0761649614551931     
   4.4955565380853404     
   4.4988660401963001     
  0.86394337471236027     
   1.7522909208148096     
   1.8499101784460918     
   5.2585704044958366     
   2.3812261088418976     
   5.4713601440682123     
   1.8168737767776240     
   1.2631694814700714     
   1.4234296967683517     
   3.9517088495675590     
   4.0116489006588143     
   1.3193196393252831     
   2.5785588335477767     
   1.1725777530363029     
   2.4572794830449625     
  0.68805413094724088     
   5.9761823406641170     
   2.0648439815430755     
   1.9801594863071430     
   3.9602767520714166     
   1.5762607040952759     
   1.7241454031380974     
   1.6541933611340569     
   2.5303938435674369     
   1.7883221858154734     
   2.4434841592282184     
   3.5016598625383173     
   7.7601869511399295     
   8.5250044981878919     
   2.9661327596965168     
   1.7123620908999431     
   1.2932397873450918     
   1.5539746983512177     
   1.5651749112436915     
   1.8450611606608625     
   1.2347464891761775     
   3.3549537798334419     
   4.2243106580452485     
   4.3269645799201761     
   1.0888873548052316     
   1.1573676993478423     
   2.3926174771585007     
   1.8865924310307289     
   6.0880768914737509     
   1.4169773402718759     
   1.3670162134857657     
   1.6572556849511901     
   4.6087736262878831     
   4.5920264814256848     
   1.4945774445694078     
   2.0731538435310517     
   1.0120714778281961     
   1.5983545203610228     
   2.4697296368583288     
   2.4454014397698076     
   2.3556073106195323     
   1.1050984136331861     
   3.6518903250655299     
   1.3629117225023668     
   2.5485510648676692     
   2.5610323323885020     
   2.6968661744286706     
   1.4783634977430475     
   5.4071740424089114     
   2.4365312614489447     
   2.0322685758966350     
   2.1944993335465059     
   1.7045725252529074     
   3.6968723224399058     
   3.1345304109459211     
   1.1743661132140359     
   1.6163335563578676     
   1.9748293456718367     
   2.0528830963068927     
   4.1685372191768231     
   4.2914208414720552     
   2.7573398056768585     
   2.3455273858282215     
   3.3712378147753084     
   3.3374513065056290     
   2.1426015045778799     
   1.0329337068171065     
   1.6486669287058955     
   1.6615928204625223     
   1.6815881422303849     
   4.8384168843847810     
   4.8574939006202742     
   2.3526810234885507     
   3.1136897633885252     
   11.528140224787574     
   1.8914269709246612     
   4.9135401294855967     
   4.9129344377264861     
   3.0256266403004544     
   1.4527110910351262     
   1.7912462230002852     
   3.8560170399790250     
   1.5099629172780336     
   1.3947714413107757     
   1.7868405931659455     
   3.5269323881633383     
   3.7827086509973911     
   3.7802374746655767     
   4.0097587715578609     
   3.6336316438768534     
   2.0359484549880085     
   2.6967892911889160     
   5.6944075747423550     
  0.92812439004641922     
   1.7499160241567320     
   1.0684983024340942     
   2.5307628510512088     
   1.8264010541870896     
   4.6341353522900670     
   1.8442546608733197     
   1.8784019632437248     
   1.8770407599559460     
   1.2307885160011691     
   1.2555801902437220     
   3.1273688833029381     
   2.6255948000585505     
   2.6706058563977706     
   2.8875702284699498     
   2.8708794312101178     
   1.3783493318341808     
   3.6035823229308699     
   2.8512255678798337     
   2.1103325360615330     
  0.74315210429530232     
   1.0366423442080281     
   1.0021025652364610     
   1.3720390316540245     
   2.2845486317965205     
   2.4973914986079495     
   1.1011159101001904     
   3.6247281122844113     
   3.5652329531623295     
   3.7549397054235500     
   1.8440237497340102     
   1.8807185387050800     
   1.6197311422160299     
   1.6779871031631715     
   1.3832039503614000     
   3.4235942018749146     
   2.0868718441933312     
   2.5934453229212875     
   3.1508009175773783     
   2.6630546403929234     
   2.0179086605443883     
   2.7752891379923925     
   4.5935606665348798     
   3.3059362088409694     
   1.8778248916205131     
   2.2317215886881496     
   1.5075721852783315     
   3.5877974901271856     
   2.5485784162780662     
   2.2444848390764842     
   2.4034967281214938     
   2.4082551233603620     
   4.3162871875039652     
   5.1948575186069013     
   4.8814161711931821     
   1.6361589465561430     
   1.2619446066342503     
   2.1641352839164596     
  0.93221713357073854     
   2.0936069212295099     
   1.4412905782043826     
   1.6458421320427821     
   1.1697307148234115     
   2.3440210739757461     
   2.0773576675237537     
   2.4169038690839595     
   3.0075744771631188     
   2.3130371033886168     
   2.2649993434127089     
   4.2644119510754646     
   1.4706405467607058     
   1.9036270773302766     
   1.2531012719467958     
   6.8166205782152156     
   1.4553550997186329     
   2.4799570833380820     
   3.7776681643364851     
   2.0982550765470687     
   2.4712605993037497     
   2.6597771575792213     
   2.6457719342705373     
   3.4577639429884925     
   2.7494403827148668     
   1.8198211229562309     
   2.3314346561817065     
   1.1115442612311768     
   1.9801946530217234     
   4.4711905939112668     
   2.0702090816684642     
   1.9834115455162225     
   2.2589059367882207     
   2.2868074803633118     
   1.4741507573965000     
   2.0624599922401652     
   3.1529367812699305     
   1.1028876254065747     
   1.5313209240598571     
  0.99038409523888571     
   1.9837139291270707     
   3.5093859549489315     
   1.4910383089402168     
   3.0987851280187226     
   1.9271829881296902     
   2.3330425207791605     
   1.0959859211314948     
   1.5260921174495130     
   7.6630049186656839     
   2.6886597073180365     
   1.7698985524972188     
   3.9301403270517228     
   3.1968323806748820     
   1.3283363788162335     
   1.7234378940595094     
   1.9907901794414129     
   2.7216417291058903     
   2.5083865524905895     
   2.5508640112693137     
   2.5358549963258561     
   2.6391287189554333     
   8.3651931719497306     
   3.0013775980392605     
   3.0097874723345996     
   2.3003496714923144     
   3.8163496941852877     
   3.8793314177553477     
   1.7147899570630438     
   2.2699975071763854     
   1.9714022525781616     
   1.4939019794790924     
   4.1727173928596564     
   2.7145377227753507     
   2.2536985115140005     
   2.3264894861087897     
   1.8700712512893456     
   1.8075829839629360     
  0.86530524562843436     
   2.0773055883647311     
   6.3488876429036534     
   1.2563599901822069     
   1.5065261216265329     
   2.2545254781875483     
   2.2807274595923674     
   1.1943836263651260     
   5.1524042065926983     
   1.1925061506162291     
   1.2796284736693897     
   2.1289432725837982     
   2.2550248307984635     
   2.5292639785662625     
  0.99476764093480097     
   1.3811928509151636     
   1.3496031893213802     
   3.0216304829786771     
   1.0801384208950566     
   2.6651685242918233     
   5.4338180325380803     
   1.6037056549772242     
   1.6416587263108839     
   2.8290868037084516     
   2.7987890789680128     
   2.2876103575727575     
   2.3718348493574379     
   1.4459810467430785     
   1.0489710146663160     
   1.8110764792900449     
   1.7969606392145521     
   3.2085246697827308     
   3.2256745353786003     
   1.1233836125237660     
   3.4820354114759700     
   2.4324902932903960     
   2.0650819561242661     
   1.2772773561149788     
   1.1064036404513335     
   1.1041933404528674     
   2.5459069345062089     
  0.94871820805964124     
   1.7622180387397977     
   1.7333066376087418     
   3.2415319549392199     
  0.81215894948718415     
   2.4862688041469809     
   1.4205841232320597     
   2.5547577599183069     
   2.4356926957292626     
   1.1710405002483371     
   1.2567879230447738     
   3.6168982251572759     
   1.1527559552819693     
   1.0617757356861495     
  0.82771306523179666     
  0.76239245841831038     
   3.3559232304321718     
   3.6319150311027837     
   3.6427868033463193     
   2.6610466479031341     
   1.9313578788039623     
   1.5208917589048947     
   4.2332536156345064     
   4.3168402697369501     
   4.2820113565068381     
   1.3520245316249357     
   1.9091828711403309     
   1.5005797281495685     
   2.3513589620064095     
   1.5055730906374127     
   1.9751589536320771     
   3.5291338899031142     
   2.6110154043667877     
   2.0431645414409387     
   5.8214011001426478     
   4.7268541787168035     
   2.2261709786264321     
   9.4098429644148922     
   1.8946858284413644     
   2.4418682206776379     
   1.8105470996767394     
   4.3252634458147163     
   4.3596331329651594     
   1.7762532543341605     
   1.2207283165634262     
   3.2136425967385498     
   1.7160794418410530     
   2.4732518634389256     
   2.5097299616487234     
   3.3209990026696041     
  0.89606380652222128     
   4.1887094492066028     
   13.083030627397539     
   3.7880182261278876     
   2.2322249132092753     
   5.7554427891503268     
   12.092312489926305     
   1.5587007026073247     
   2.7052449965434842     
   1.1398868587670525     
   2.4627819370029269     
   2.4983876358536290     
   2.1403739795916787     
   6.8461780875605918     
   3.7430024916564761     
   3.7799387809626097     
   1.6728063883067785     
   4.3048541697981877     
   1.6040072832756065     
  0.98497572073738004     
   2.6765269249112471     
   2.5376263980247966     
   2.6241364003975463     
   2.3350229949971304     
   4.7232286893927666     
   2.7605306750507372     
   1.1018056859409309     
   2.5121728068695837     
   2.4351466039114888     
   2.5428457828358226     
   2.7207299287634474     
   2.6234785595049894     
   1.1141888052752040     
   2.6009123936959635     
   6.7739820016950905     
   6.7698351313805869     
   2.7832676498389759     
   1.6635432856010957     
   1.6862899316090332     
   1.7115736843658829     
   1.8423686639826276     
  0.98517720124299446     
   7.3283881206180377     
   2.0434888409323499     
   2.0456930642811106     
   1.7518921520341757     
   1.6427011072294970     
   1.8981094776031009     
   2.2343348249090851     
   1.9648415049279591     
   3.6006248087637429     
   2.5299340566020372     
   2.5093522781368329     
   1.1952388420219464     
   1.7087136144612682     
   1.7272702039429173     
   4.7911835095353217     
   4.6030415571251506     
   1.2544350315658401     
   3.6280510618857349     
   3.6408321309782066     
   2.2572819706982443     
   2.2851255078074071     
   2.2708121659009435     
   2.9223559917744799     
   1.2736156184605079     
   1.8487283325755888     
   5.0712238345373795     
   2.4969475912597172     
   1.7657623316754498     
   1.6681492687953670     
   2.1314734980799850     
   2.4398719134514435     
   2.8891054537104797     
   3.5137171349100274     
   4.3856475739270637     
   2.5857775934046345     
   2.4958633086713564     
   2.0399176545231135     
   2.1217947267101467     
   1.1708277474238349     
   1.6287826707408228     
   1.6650689288360305     
   2.1069487269433003     
   2.0256902962468333     
   1.9806006325467092     
   1.3049523980536866     
   2.8404114496019588     
   2.7754339551744596     
   2.2992408603624246     
   2.2911257286895377     
   2.5532549146818631     
   3.4017933176993602     
   2.4108721162647710     
   2.3539024702868989     
   2.5042474871552955     
   2.4936310818610679     
   2.5189625319079001     
   2.4393958212412450     
   2.1417520007493676     
   3.0829853391604387     
   1.9907883673611571     
   2.8745398005862337     
   2.8545047072641645     
   4.0851116843841258     
   1.8535283020408964     
   2.5589664291187342     
   3.0138581725534888     
   3.1772862328065798     
   3.4235191923385870     
   5.5067985415772034     
   5.4755512102039576     
   5.4605766225218382     
   1.9173976255936156     
   1.1259655163660238     
   1.0585723111159604     
  0.99575989086955918     
   1.8289939021869464     
   1.8049283757194350     
   2.2907570226349523     
   2.3375285799605985     
   2.3443415037111022     
   7.6852162088490426     
   7.6446447209665758     
   1.3724523770839654     
   1.3212250812941546     
   1.4346323997069792     
   1.8994463590907442     
   2.5050857742305683     
   1.7904830892838710     
   1.7959414586134648     
   1.2693256348837583     
  0.62272679717241630     
   11.240215738226892     
   11.235626521666447     
   3.2123851936729131     
   4.7527561943108054     
   4.1955450928997040     
   1.1676579612526221     
   1.1494365946796230     
   2.1231295466274180     
   2.1288431367644698     
   1.2430929819537553     
   2.1602673962875083     
   2.0061872378350980     
   2.0219280273316107     
   1.2386928677675302     
   1.4677438207549875     
   1.8544888430317676     
   4.8035113681954460     
   1.5084314806423285     
   7.3711897152728216     
   2.8418068243920076     
   2.2794352809203380     
   2.3987197849310058     
   1.6273002037981219     
  0.94576106043712205     
   3.1013184096986683     
   1.8102073425553558     
   3.2493015932782807     
   1.3574005364465707     
   1.4223216651668971     
   2.4002446610717825     
   2.4460212248640287     
   2.3851477177069489     
  0.91166483710216595     
   1.8869688791750598     
   1.1239663808755700     
   1.1715299513751189     
   2.2664016203640913     
   3.0070967745266590     
   2.1784255696694719     
   1.1756257305916478     
   1.1750107571594186     
   2.8464263638741678     
   2.5370707907098100     
   2.5984235907910556     
   2.6230069059834635     
   1.8950560750754608     
   2.7092496185349133     
   1.8538608421933038     
   2.2122007442657927     
   2.3853198835117206     
   1.9330973273049536     
   6.7463252624728787     
   4.2488966231610688     
   2.7716356526714363     
   2.7543587602942128     
   2.6568445848005369     
   2.7816964286706263     
   3.2719806602854025     
   3.3001320327645973     
   3.2044218823605228     
   2.1735141201301991     
   2.4899664745774150     
   3.5413891461419986     
   2.1173609793121546     
   2.9781826821693729     
   2.0584978010842367     
   1.3578700057336377     
   3.3146300970843012     
   2.6899957850632101     
   2.6428551801456006     
   2.6467478062665974     
   2.6767495329283166     
   5.6686623830895604     
   4.6378892561767566     
   4.5249074230951836     
   1.8478467772112730     
   2.6362688741086440     
   2.7158227893373907     
   2.2153050376489776     
   1.1999480645678524     
   2.5562191407406627     
   1.8210775335166769     
   1.8516450722862980     
   1.8231993677055227     
   2.0205584024621821     
  0.97869334627650706     
   1.0882578502994285     
   1.8830359508468477     
   5.2939398948925191     
   1.3514072733084657     
   3.8689210337430300     
   2.7042958898265144     
   2.8293393066596662     
   2.0993500987761533     
   2.1210940175431849     
   2.3791943932745916     
   2.4717358201861805     
   1.5115083433067824     
   2.1733969787856831     
   12.688868875688900     
   3.3610026005010747     
   2.6474774157567365     
   2.2039382633934421     
   2.1718281811458571     
   4.4187714231507584     
   2.0562614036444558     
   2.9905041325692956     
   1.9910325189429232     
  0.92049508602082497     
   1.9903341788417213     
   1.0905818261725588     
  0.95511731705432823     
   1.3493988936734349     
   1.8338702540702072     
   2.3032585400608361     
   2.8038260305901046     
   2.2148184570530209     
   3.2208341129587978     
   2.0872222561105049     
   2.1216672421660787     
   4.2418889048269168     
   2.3275934151290745     
   2.2730056265722256     
   1.7897714946975793     
   3.1496079764283005     
   5.0685778709486771     
   1.0766756242593085     
   2.3418493384881982     
   2.2862003139752756     
   2.7328305148978247     
   4.4673399383910448     
   1.1938726202519929     
   1.3610593214386011     
   1.3746968095302543     
   1.4040768460881075     
   1.5035247539603915     
   1.5249779444052423     
   1.4357873219320285     
   1.6259308535797894     
   1.6857977150511396     
   1.6626859496101309     
   2.2796890547811546     
   2.9729263215643202     
   2.0256915204191746     
   1.7112451251958838     
   2.3929685970252397     
   3.3419664562778344     
   2.2016105441602609     
   1.5965844469114254     
   1.5933498382268099     
   2.9299873328262480     
   2.5496495620624127     
  0.95015624906219709     
  0.95252445330476609     
   4.7507078717580118     
   4.4129118491988049     
   1.6840604860231967     
   1.6559032254534394     
   2.1570570297892462     
   2.1391578343304198     
   2.1154125480945845     
   1.2006190300985442     
   1.0270361863764175     
   1.3792685206767277     
   3.6819755533101812     
   1.7809246882680101     
   1.8186815948992097     
   1.2123884441012482     
   2.5906841143228623     
   1.4737880314018765     
   2.2484444385629212     
   2.2241303826160777     
   1.5066327942043114     
   2.2220279573460684     
   5.3946890256557056     
   5.4008003593680964     
   2.8505784068420379     
   1.7099266231582553     
   1.5742114241505170     
   1.5576158455405491     
  0.98371880683736790     
   1.0922794175512749     
   3.4113870909706936     
   4.1038191996601432     
   1.3395091873187215     
  0.98111350204379943     
   1.3572850196562600     
   2.0826200910750310     
   2.0776567895688283     
   4.4748760910551564     
   9.1001726704910517     
   3.1317556403062259     
   2.3208139609560545     
   1.9538199433295353     
   2.3733434597164598     
  0.99372919117291214     
   2.2973186538759998     
   1.8755303960798282     
   1.2202677627848280     
   1.9768268460837284     
   1.9240861998808390     
   3.1713988393115269     
   3.0982045001625811     
   3.1785034753112296     
   1.8690075816481428     
   1.6737637965255070     
   4.0697772985476304     
   2.3265931156193607     
   2.4127767079156954     
   2.6572461782677097     
   1.7069796692830925     
   2.3853349393608814     
   2.4017353663080896     
   2.0570348256511277     
  0.80341461549333970     
   2.3456974694034938     
  0.96221041550506481     
   1.5076923871420811     
   1.2879459774444484     
   2.9864398385731592     
   2.7301519052934862     
   2.6672883974446719     
   1.2208375873919204     
   1.2276931675617204     
   1.5915820595636396     
   2.4809806704036550     
   2.3761528245028378     
   1.4938450228984679     
   1.1365220134541507     
   2.9876453228804052     
   1.1476840424803521     
   2.4096346068267667     
   2.4116670973926606     
   1.9782238026975201     
   2.3136891138546458     
   2.5077938391601879     
   2.4335044589545873     
   4.2336901701478560     
   4.2275483385561081     
   1.8593314073317688     
   1.5355196416059023     
   1.5024790449476690     
   2.4549197039393018     
   2.7797344586006010     
   3.9133099982368620     
   5.5914542949726282     
   5.6360874791389151     
   2.8734334357864837     
   2.9269411216182659     
   1.5898286594850979     
   2.9580131080318441     
   3.0694122093257552     
   1.4172760928656563     
   2.2269500128164248     
   1.6631860078234626     
   1.9452429693965336     
   1.0612905076964676     
   1.6539736553469002     
   3.7891893493608735     
   2.1965475667040764     
   1.6550790461804261     
   2.2243211415762456     
   2.2906074397730545     
   5.3167903785499817     
   5.2980975443529816     
   4.0158372837107947     
   1.5049264853524285     
   1.5924315763006862     
   2.9654238452493797     
   2.9694366106160026     
  0.70851158959012339     
   1.6604465908570789     
   5.0995439625030548     
   1.4613509199730135     
   1.5434753922610620     
  0.93001399638421367     
   1.2623473368770264     
   3.3723479570836874     
   3.3115177801951234     
   1.6406896940301796     
   3.3461497467406214     
   1.5765133826052729     
   3.4817362697957184     
   6.3027747519772932     
   1.4555954513893845     
   2.7057932509993434     
   3.2590954720213450     
   2.1593982720321416     
   2.4337030712584626     
   2.4670162956780315     
   1.2773690705696561     
   2.9598735961494125     
   2.4342785669100944     
   2.5592870396906262     
   2.5473091056137318     
   1.3135734042814204     
   2.4078637261483729     
   2.1386616101869453     
   2.2063007933588801     
   2.2003764319134005     
   2.7064317539287388     
   1.4967795154148520     
   3.1541409240838210     
   1.3891187525659241     
   2.7840676300487552     
   2.8886143882022841     
   3.3041621956182650     
   3.0888174362166017     
   3.4035911366923672     
   3.0675994530977300     
   3.1316255089626575     
   1.4279779848425294     
   1.0925862632294334     
   2.1091818832330125     
   5.3816244899009238     
   3.8080101984300829     
   2.2341935436296918     
   2.4288195814400253     
   3.7545011044550178     
   3.4251370951668578     
   3.3495896391166866     
   2.1802062344095110     
   2.1400001892958587     
   3.0294812322782985     
  0.90133583861335187     
   1.9118118884498339     
   2.6217268293442957     
   1.7081026301606046     
   1.3968613046723315     
   1.4744251568742177     
   5.1072859434468691     
   1.4134671703723309     
   1.4678796900554840     
   2.5539072442777129     
   2.5224808700175032     
   1.5287911412130117     
   1.6816627113956291     
   2.6714091833828766     
   2.6931117264365199     
   2.6994660534937562     
   1.4814212378115024     
   1.1263204229995523     
   1.6754805916465028     
   1.9862699281644749     
   1.1721989220771269     
   1.6858013411345594     
   1.2172798418947910     
   1.6865090025812337     
   2.9122219939862175     
   1.6534627107122470     
   6.6930602275862148     
   2.3576715244788913     
   1.8893399650384071     
   3.3452195009639789     
   3.6267413425371253     
   2.9706864838892724     
   2.7033292278528389     
   2.6650072964490783     
  0.77755324229004708     
   2.5173710734240204     
   3.2956610254377363     
   3.3349931405674962     
   3.2815531291254563     
   1.6123309355313937     
   1.0689471065067653     
   2.4213660343266770     
   2.3814745740221905     
   1.4279450904859889     
   1.2098376169497249     
   1.1608411645574499     
   2.3744200176557095     
   2.6737785861557049     
   2.0742437652721000     
   2.6877953652042104     
   1.8965869857687729     
   1.3684254562708722     
   2.7520510148491688     
   3.6617509330240368     
   1.9272704124311115     
   4.2147671853339865     
   4.4246123440100833     
   1.5090917554792254     
   3.5052348927197770     
   1.5581923825470627     
   3.0488219999561972     
  0.90067687193958712     
   1.3826413487439999     
   3.2938496015461829     
   3.4143021758226202     
   2.6989696278630841     
   2.7815264741222583     
   1.4074963233143392     
   2.0934936712918608     
   2.0400346861038661     
   3.7713614299611633     
   1.6512623778283351     
   1.6148294103108620     
   2.4371018199998882     
   1.4380855433040438     
   1.3880732850534721     
   1.8043742507933649     
   3.2434088230112748     
   3.2753466707801473     
   3.0867011338103714     
   3.8714063972561212     
   3.8561894946128263     
   3.9085873615068296     
   1.8427842302677699     
   1.4813010432234615     
   5.2955860636946550     
   1.7871640701270044     
  0.73189238386629829     
  0.69277475840744818     
   1.5938407984535263     
   1.3600459290353704     
   2.2063134807760285     
   2.1608433296246123     
   1.0166916040428293     
   1.6661414912646799     
   1.6193521260114963     
   2.5123390204306282     
   2.8498396474575163     
   2.6512736727855852     
   1.3085596785240889     
   2.8174734632167731     
  0.82188379595174454     
   3.0711693596516105     
   1.2177086632848257     
  0.71853073623243724     
   2.3681792616239421     
   2.3296419998115292     
   5.6770892780696283     
   2.2776831514874525     
   2.9538868036850818     
   1.6122043539637310     
   1.5678756815213426     
   2.1790426969502041     
   3.2480848271414473     
   1.8243296915336675     
   3.0930366041943280     
   2.8421614190926894     
   2.3169147032473276     
   1.7136368895445477     
   1.6253251948210869     
  0.92260332672642542     
   1.9483003268218884     
   2.5995843843286561     
   1.5056887511013946     
   4.5075608434066972     
   2.3768390025871056     
   1.3490777538151670     
   1.1953465096352427     
   2.5734000612816037     
   2.1856306916206134     
   2.8990332371005447     
   2.9063105248754626     
   2.0514735096260943     
   2.9570823044199770     
   4.2012325284870045     
   1.7283741487883610     
   2.2401988513881470     
   1.2303261123614939     
   2.7169109635235307     
   2.1263817559672158     
   1.5087991510432563     
   2.3344237263564489     
   1.3241678537571588     
   2.8796075526102638     
   1.4460156651568448     
   1.1045263750150098     
  0.92508509775069392     
   2.7615962266279035     
   2.6797589400901436     
   1.7867963355413665     
   5.2046742217661350     
   5.1807203882516175     
   2.8138341717387747     
   1.1098474716233324     
   1.8920098566021701     
   1.4155228932536732     
   1.9765751221906747     
   2.0609021810963450     
   2.0066945464661980     
   1.2279709877842353     
   3.5472399774463805     
   1.0598159117766848     
   2.4363950571735113     
   1.2011957815625827     
   2.4063380622183206     
   1.1075420171692207     
   2.1884277652039446     
   2.6714150333934126     
   1.4289714467151380     
   3.1313848450859352     
   1.6654269319228308     
   2.1753312762633827     
   2.5660963500795964     
   2.6017333576961685     
   3.4579347984707227     
   2.3318293731013755     
   1.0074970217268109     
   1.9467207993096749     
   2.2851430248085514     
   2.2696004916625823     
   2.2908149184720896     
   1.5122497356982518     
   1.8889883409159975     
   1.9598850144973567     
   1.9786575331082912     
   4.4599280963238606     
   2.2087026568516150     
   1.8449910331720438     
   1.9216239629820828     
   3.3334994486509881     
   5.3477672449053557     
   5.2125127648736802     
   3.9578530547722588     
   1.9121077267000961     
   5.1166089665013095     
   5.1045966191556973     
   1.4615596557155510     
   2.8252204148612603     
   1.6847674558437096     
   3.2669107804401367     
   3.2519308798815589     
   3.2735435639847696     
   1.7299435521661990     
   4.6743457310129370     
   2.5075183858758163     
   1.2204807817161016     
   2.7601904260600918     
   2.7087460544072006     
   1.7239093245796711     
   1.7905823722794632     
   4.2023122747441191     
   3.3398864072397405     
   3.4183252715001169     
   1.7393151973385581     
   1.8513570873669261     
   3.2289570714457421     
   3.1902232547377745     
   1.5326735787399133     
   2.3179311412315693     
   2.6997976246344173     
   2.8145969165206659     
   3.2327024807836904     
   1.8720030028766457     
   1.8895346872695922     
   1.2612593524247764     
   1.5385763091590754     
   1.6781425975969566     
   1.6473775392377665     
   2.2330424268376685     
   3.1633126726904699     
   1.5713237661888166     
   1.7548066758343754     
   2.4121264510947902     
   1.0220689576561011     
   2.8258636290413199     
   2.6616290777142284     
   3.3093973321862737     
   2.2903285079967048     
   5.3807495208665372     
   1.9914764686709623     
   2.1647434181527392     
   2.0785204536282329     
   2.1561905684982903     
   2.1736232044293624     
   1.7985007551389713     
   2.1598998093239596     
   2.5923084177630402     
   2.5368809416886866     
   1.4914919927296777     
   1.3948251333852149     
   3.3481697975225537     
   2.0094269770952895     
   6.9431526604874332     
   2.0749170180221475     
   1.6897137966164684     
   1.7464986404454628     
   2.8031393996655734     
   1.8401897941740371     
   1.2544263080690181     
   2.2816728511865869     
   1.0969743131815541     
   2.9983071815213500     
   3.0084545156300040     
   2.0179111017026217     
   3.5129996742089218     
   2.2794040411429886     
   2.1066442910481324     
   2.1183977061898527     
  0.96920569327254980     
   1.2042407724893494     
   3.0168963009643943     
   3.1941047045249578     
   1.3968207656926712     
   1.5161222475965497     
   3.0166493327546831     
   1.7120906245686669     
   3.8705044964206219     
   2.1756442540122762     
   4.0769038654305545     
   2.9627213678610520     
   2.3400070004815481     
   2.3694936294144178     
  0.98089547375350006     
   1.9939547775651556     
   4.2869601509886790     
   4.3151523262778930     
   2.7098071010721521     
   1.8477580354223173     
   1.8088786336661073     
   3.7133728406647144     
   3.7077191900308102     
   2.2141608529633827     
   2.5513325042013086     
   1.5199011437109493     
   2.9750558465198331     
   9.5265245995938947     
   2.3679774936451996     
   3.2638561176984586     
  0.99025974841342257     
   2.7754481631113617     
   2.3199673364882476     
   1.5559403513539689     
   2.5389298267254992     
   1.5545790873142928     
   5.6850535789791197     
   3.6415694056945052     
   5.3071243521870244     
   1.7308709213532218     
   1.6717528504409047     
   1.9001424705649874     
   3.7269873482641738     
   1.7030230137957556     
   3.2558228664419078     
   3.8396722007045918     
   2.3150528693910206     
   5.4616983544589850     
   5.5164702793360245     
   2.1105727858404042     
   2.1279667105785052     
   4.0865057008249837     
   1.9681255956569721     
   1.0319703206043129     
  0.94279815957385260     
   1.8620251919472057     
   1.9129860716526634     
   2.3703171656326911     
   2.1307410574184047     
   2.5083408400548519     
   4.1332319503852526     
   5.5879016279960885     
   1.3403817702082359     
  0.99127032576047269     
   5.2066096698102760     
   1.6604843761274639     
   1.7261434052508897     
   1.1871636705130262     
   3.1821770060028003     
   7.5485067405374604     
   7.4979020458951231     
   5.1742070064222059     
   3.4903729784397002     
   2.7516405628061333     
   1.9996984043661985     
   1.5513170011386910     
   2.7262858980667763     
   2.3902088049800567     
   3.9356281914299798     
   3.6862070701952270     
   1.6007024013759157     
   1.9663310374929874     
   3.1539404666299831     
   1.3477766001288396     
   2.5555676186374070     
   2.5232600223430959     
   5.0667275256319062     
   1.7601193193275857     
   3.7624312859908602     
   1.6156830332780066     
   3.8691807807412628     
  0.89513595406425150     
   2.9348029772200075     
   1.7842943381058505     
   1.4117168559114388     
   1.8900792382939555     
   1.8349681764567889     
   1.9171481311715497     
   1.2230452628504427     
   1.3568463908521249     
   1.2778849561454355     
   3.0079663437773654     
   1.0456451867285290     
   2.0759558739003796     
   2.0274698545345307     
   2.1167322406721443     
   2.6391239564037714     
   2.6969723294777799     
   2.6784424291318558     
   3.8298039767261760     
   1.1477837124518369     
   3.8843006098202397     
   2.9716770693980030     
   1.4634581470456487     
   1.4855970103888347     
   3.0958034129406924     
   1.8005563863416842     
   1.7744125574971439     
   2.9514772129515250     
   4.8092013556792725     
   1.0646791709230663     
   5.0557415482066626     
   3.4756551780886493     
   2.1774309648610592     
   1.4011836294780249     
   3.0547664620876107     
   1.4535773496532105     
   2.4081297867612306     
  0.75490972254206079     
   2.8739713704737930     
   1.7906549363448943     
   5.3461680975282935     
   1.7424526396358782     
   3.2097014860332407     
   3.1830953432963018     
   4.2109109375390794     
   4.1485857459699051     
   2.4179166171623976     
   2.4443824262018481     
   1.5797142402342854     
   3.1293194332436340     
   2.6351136136610100     
   2.6009133955263395     
   1.9586390538511500     
   2.2514171068693907     
   2.2189117352956460     
   2.0447404263359239     
   2.0467342636654107     
   2.5318550688309673     
   1.1043865581724130     
   1.6723601938075912     
   2.0633792202192200     
   2.6060683976012911     
   4.5937498399111325     
   1.1901692028845194     
   1.2601016963502403     
   3.1392423795962614     
   2.6350045841909409     
   2.5924317105693535     
   2.6525783010367565     
   1.1964933876225354     
   1.4274749874901458     
   1.2994382751671121     
   1.5300107432982362     
   4.5088110948935727     
   2.0537927760282413     
   5.4827944203765080     
   2.1709799561312160     
   2.8389791699694493     
   2.5021075100503496     
  0.86423802819879547     
   1.6691772650339789     
   2.8843384240997079     
   2.7169112884322746     
   2.3422839390972805     
   2.2334792378873010     
   2.9455499131150309     
   2.9030209314811986     
   3.0480580740043308     
   3.0310262745243621     
   4.0622330969449036     
   1.6361950054246150     
   3.7293557473911139     
   2.8238490871690143     
   3.5468696570533731     
   2.2346880585786031     
   1.4165981888125529     
   1.8176104846693761     
   1.7924533365630433     
   2.7200788828624982     
   1.1451166162294535     
   2.0749456858581290     
   2.2048435708340630     
   2.2096272109427129     
   2.7458342011551915     
   1.9528244118138132     
   1.2036864328935863     
   3.4340805180345946     
   3.4371581463770302     
   1.0041100949370838     
   5.3055756799501328     
   4.0231394747605789     
   1.6016715597112063     
   8.6923463116064976     
   4.5160639545891179     
  0.99486604128459644     
   1.7295122880919116     
   2.0175758238042900     
   2.8460218094873664     
   2.8430632658796284     
  0.85970994528040634     
   1.6330802965005378     
   3.0281281607169279     
   2.4717198654695745     
   2.8488093516988080     
   2.7126265675624870     
   1.6587065031032187     
   3.0832057004978299     
   3.0490244305957681     
   3.1432587347834384     
   5.7482622992800945     
   3.8510402133824022     
   1.3785986058006439     
   1.9481186945050284     
   1.8820207295943525     
   1.6965206897333696     
   1.7601209715703237     
   1.6559559050898172     
   1.6198948404529219     
   1.7133057218693619     
   2.6201472376361292     
   1.1708435887200015     
   1.6024425264620867     
   1.3894558183381609     
   2.8157690628155914     
   1.7994049657812581     
   8.7685193709233928     
  0.98608341112804965     
  0.99504120591609801     
   1.0148748086006767     
   7.4100632424083628     
   2.3967945354141542     
   3.3398106119244990     
   5.1530823442818168     
   4.6537584234284735     
   4.6951323345093599     
   1.8214806431922068     
   1.2991195150663342     
   4.7176578141751930     
   4.7470997646351325     
   3.9801266662690868     
   3.9687962546825521     
   10.807054409109236     
   1.9593666259452389     
   1.8844302403210609     
   1.0204106478447303     
   5.1002284743164985     
   1.6951378449948882     
   3.3641599739898718     
   1.4598688806998787     
   1.5551050977737402     
   2.3699328638155550     
   2.9009349039594969     
   1.3724545455868713     
   2.5824286133046273     
   2.2598493955930370     
   1.9847971401586515     
   2.9550351554038268     
   1.9161028691465714     
   6.0375399237115834     
   1.3677908853415865     
   2.6479354685621517     
   1.3601533405239730     
   1.5369712856491224     
   1.9360478088329141     
   2.3481118110140593     
   2.5171430781501036     
   2.6469958477156172     
   2.2293440327818765     
   2.5147674209479138     
   9.6716199305776307     
   2.7767127335289303     
   1.5223741747289183     
   1.6873650059162832     
   2.2119772506250195     
   1.0082394915131545     
   3.3054061685052361     
   2.1157808588513118     
   1.5602494562709930     
   1.5362120125080529     
   1.5109763960232778     
   1.4614915575937331     
   3.0376048503528184     
   3.3142721568270610     
   2.7202184461544627     
   2.7493861926939016     
  0.79349334065930677     
  0.72089080100480762     
  0.72994622958191602     
   1.6818544717306398     
   1.9506776828690449     
   4.3994440640722452     
   1.9599195862985350     
   4.9000181286366491     
   1.4552318507717172     
   8.3205982551988491     
   8.3062077528822371     
   1.6537591186788472     
   1.7656149388263085     
   2.5321418275819423     
   1.4717190611092215     
   2.8439389341122752     
   2.5647500985126253     
   2.9276419368058044     
   1.5998560062654139     
   1.2749420256269866     
   1.6752521782741565     
   2.1035039824084296     
   2.0415008459248063     
   5.0337802482175746     
   4.9315758155347114     
   1.5060751514003905     
   3.3076934941039080     
   1.4035906934833238     
   1.7242434605719703     
   8.8293958452610344     
   2.3598839613557336     
   2.3860700032730042     
   2.5590196297042085     
   3.1925460578307292     
   1.3977359396507827     
   1.9753060599255281     
   4.0117592719424184     
   2.2515404738123288     
   3.5206216464467870     
   2.2665659011471915     
   1.3187133699035123     
   2.3471785665189095     
   2.5647309613212634     
   2.4922558126706491     
   2.2736728103339412     
   1.4600363111276538     
   2.1850277818198953     
   1.5873246733444628     
   2.4332999353932361     
   2.9438787033452845     
   1.2989004469181860     
   2.9578739857431713     
   2.0973629052868246     
   2.1919978805593106     
   1.8944540337478424     
   2.7730868189096576     
   2.6248647263880005     
   1.6675260735996742     
   4.7073640063270519     
   1.5345397805083507     
   4.0520674973604924     
   1.3891187525659241     
   2.6613506357165226     
  0.85693588862170733     
   3.2240321404252645     
   3.0337557754570543     
   1.2350358968725690     
   2.9838880473153115     
  0.81744617736200242     
   2.5203450761420672     
   1.7610328468716576     
   3.7521150993460801     
   3.7200811613739426     
   3.5820680246864569     
   3.0217023372077114     
   1.7682650281358081     
   1.7450025838225529     
   2.6632446714387235     
   2.1470728138021187     
   3.0269911708843908     
